0 0 0 0 0 1 0 4 5
0 0 0 0 1 2 4 5 6
0 0 0 1 2 3 5 6 7
0 0 0 2 3 0 6 7 0
0 0 1 0 4 5 0 8 9
0 1 2 4 5 6 8 9 10
1 2 3 5 6 7 9 10 11
2 3 0 6 7 0 10 11 0
0 4 5 0 8 9 0 12 13
4 5 6 8 9 10 12 13 14
5 6 7 9 10 11 13 14 15
6 7 0 10 11 0 14 15 0
0 8 9 0 12 13 0 16 17
8 9 10 12 13 14 16 17 18
9 10 11 13 14 15 17 18 19
10 11 0 14 15 0 18 19 0
0 12 13 0 16 17 0 20 21
12 13 14 16 17 18 20 21 22
13 14 15 17 18 19 21 22 23
14 15 0 18 19 0 22 23 0
0 16 17 0 20 21 0 24 25
16 17 18 20 21 22 24 25 26
17 18 19 21 22 23 25 26 27
18 19 0 22 23 0 26 27 0
0 20 21 0 24 25 0 28 29
20 21 22 24 25 26 28 29 30
21 22 23 25 26 27 29 30 31
22 23 0 26 27 0 30 31 0
0 24 25 0 28 29 0 32 33
24 25 26 28 29 30 32 33 34
25 26 27 29 30 31 33 34 35
26 27 0 30 31 0 34 35 0
0 28 29 0 32 33 0 36 37
28 29 30 32 33 34 36 37 38
29 30 31 33 34 35 37 38 39
30 31 0 34 35 0 38 39 0
0 32 33 0 36 37 0 40 41
32 33 34 36 37 38 40 41 42
33 34 35 37 38 39 41 42 43
34 35 0 38 39 0 42 43 0
0 36 37 0 40 41 0 44 45
36 37 38 40 41 42 44 45 46
37 38 39 41 42 43 45 46 47
38 39 0 42 43 0 46 47 0
0 40 41 0 44 45 0 48 49
40 41 42 44 45 46 48 49 50
41 42 43 45 46 47 49 50 51
42 43 0 46 47 0 50 51 0
0 44 45 0 48 49 0 52 53
44 45 46 48 49 50 52 53 54
45 46 47 49 50 51 53 54 55
46 47 0 50 51 0 54 55 0
0 48 49 0 52 53 0 56 57
48 49 50 52 53 54 56 57 58
49 50 51 53 54 55 57 58 59
50 51 0 54 55 0 58 59 0
0 52 53 0 56 57 0 60 61
52 53 54 56 57 58 60 61 62
53 54 55 57 58 59 61 62 63
54 55 0 58 59 0 62 63 0
0 56 57 0 60 61 0 0 0
56 57 58 60 61 62 0 0 0
57 58 59 61 62 63 0 0 0
58 59 0 62 63 0 0 0 0
0 0 0 0 128 128 0 128 128
0 0 0 128 128 128 128 128 128
0 0 0 128 128 128 128 128 128
0 0 0 128 128 0 128 128 0
0 128 128 0 128 128 0 128 128
128 128 128 128 128 128 128 128 128
128 128 128 128 128 128 128 128 128
128 128 0 128 128 0 128 128 0
0 128 128 0 128 128 0 128 128
128 128 128 128 128 128 128 128 128
128 128 128 128 128 128 128 128 128
128 128 0 128 128 0 128 128 0
0 128 128 0 128 128 0 128 128
128 128 128 128 128 128 128 128 128
128 128 128 128 128 128 128 128 128
128 128 0 128 128 0 128 128 0
0 128 128 0 128 128 0 128 128
128 128 128 128 128 128 128 128 128
128 128 128 128 128 128 128 128 128
128 128 0 128 128 0 128 128 0
0 128 128 0 128 128 0 128 128
128 128 128 128 128 128 128 128 128
128 128 128 128 128 128 128 128 128
128 128 0 128 128 0 128 128 0
0 128 128 0 128 128 0 128 128
128 128 128 128 128 128 128 128 128
128 128 128 128 128 128 128 128 128
128 128 0 128 128 0 128 128 0
0 128 128 0 128 128 0 128 128
128 128 128 128 128 128 128 128 128
128 128 128 128 128 128 128 128 128
128 128 0 128 128 0 128 128 0
0 128 128 0 128 128 0 128 128
128 128 128 128 128 128 128 128 128
128 128 128 128 128 128 128 128 128
128 128 0 128 128 0 128 128 0
0 128 128 0 128 128 0 128 128
128 128 128 128 128 128 128 128 128
128 128 128 128 128 128 128 128 128
128 128 0 128 128 0 128 128 0
0 128 128 0 128 128 0 128 128
128 128 128 128 128 128 128 128 128
128 128 128 128 128 128 128 128 128
128 128 0 128 128 0 128 128 0
0 128 128 0 128 128 0 128 128
128 128 128 128 128 128 128 128 128
128 128 128 128 128 128 128 128 128
128 128 0 128 128 0 128 128 0
0 128 128 0 128 128 0 128 128
128 128 128 128 128 128 128 128 128
128 128 128 128 128 128 128 128 128
128 128 0 128 128 0 128 128 0
0 128 128 0 128 128 0 128 128
128 128 128 128 128 128 128 128 128
128 128 128 128 128 128 128 128 128
128 128 0 128 128 0 128 128 0
0 128 128 0 128 128 0 128 128
128 128 128 128 128 128 128 128 128
128 128 128 128 128 128 128 128 128
128 128 0 128 128 0 128 128 0
0 128 128 0 128 128 0 0 0
128 128 128 128 128 128 0 0 0
128 128 128 128 128 128 0 0 0
128 128 0 128 128 0 0 0 0
0 0 0 0 170 85 0 85 170
0 0 0 170 85 170 85 170 85
0 0 0 85 170 85 170 85 170
0 0 0 170 85 0 85 170 0
0 170 85 0 85 170 0 170 85
170 85 170 85 170 85 170 85 170
85 170 85 170 85 170 85 170 85
170 85 0 85 170 0 170 85 0
0 85 170 0 170 85 0 85 170
85 170 85 170 85 170 85 170 85
170 85 170 85 170 85 170 85 170
85 170 0 170 85 0 85 170 0
0 170 85 0 85 170 0 170 85
170 85 170 85 170 85 170 85 170
85 170 85 170 85 170 85 170 85
170 85 0 85 170 0 170 85 0
0 85 170 0 170 85 0 85 170
85 170 85 170 85 170 85 170 85
170 85 170 85 170 85 170 85 170
85 170 0 170 85 0 85 170 0
0 170 85 0 85 170 0 170 85
170 85 170 85 170 85 170 85 170
85 170 85 170 85 170 85 170 85
170 85 0 85 170 0 170 85 0
0 85 170 0 170 85 0 85 170
85 170 85 170 85 170 85 170 85
170 85 170 85 170 85 170 85 170
85 170 0 170 85 0 85 170 0
0 170 85 0 85 170 0 170 85
170 85 170 85 170 85 170 85 170
85 170 85 170 85 170 85 170 85
170 85 0 85 170 0 170 85 0
0 85 170 0 170 85 0 85 170
85 170 85 170 85 170 85 170 85
170 85 170 85 170 85 170 85 170
85 170 0 170 85 0 85 170 0
0 170 85 0 85 170 0 170 85
170 85 170 85 170 85 170 85 170
85 170 85 170 85 170 85 170 85
170 85 0 85 170 0 170 85 0
0 85 170 0 170 85 0 85 170
85 170 85 170 85 170 85 170 85
170 85 170 85 170 85 170 85 170
85 170 0 170 85 0 85 170 0
0 170 85 0 85 170 0 170 85
170 85 170 85 170 85 170 85 170
85 170 85 170 85 170 85 170 85
170 85 0 85 170 0 170 85 0
0 85 170 0 170 85 0 85 170
85 170 85 170 85 170 85 170 85
170 85 170 85 170 85 170 85 170
85 170 0 170 85 0 85 170 0
0 170 85 0 85 170 0 170 85
170 85 170 85 170 85 170 85 170
85 170 85 170 85 170 85 170 85
170 85 0 85 170 0 170 85 0
0 85 170 0 170 85 0 85 170
85 170 85 170 85 170 85 170 85
170 85 170 85 170 85 170 85 170
85 170 0 170 85 0 85 170 0
0 170 85 0 85 170 0 0 0
170 85 170 85 170 85 0 0 0
85 170 85 170 85 170 0 0 0
170 85 0 85 170 0 0 0 0
