0 0 0 0 0 1 15 16 17
0 0 0 0 1 2 16 17 18
0 0 0 1 2 3 17 18 19
0 0 0 2 3 4 18 19 20
0 0 0 3 4 5 19 20 21
0 0 0 4 5 6 20 21 22
0 0 0 5 6 7 21 22 23
0 0 0 6 7 8 22 23 24
0 0 0 7 8 9 23 24 25
0 0 0 8 9 10 24 25 26
0 0 0 9 10 11 25 26 27
0 0 0 10 11 12 26 27 28
0 0 0 11 12 13 27 28 29
0 0 0 12 13 14 28 29 30
0 0 0 13 14 15 29 30 31
0 0 0 14 15 16 30 31 32
0 0 1 15 16 17 31 32 33
0 1 2 16 17 18 32 33 34
1 2 3 17 18 19 33 34 35
2 3 4 18 19 20 34 35 36
3 4 5 19 20 21 35 36 37
4 5 6 20 21 22 36 37 38
5 6 7 21 22 23 37 38 39
6 7 8 22 23 24 38 39 40
7 8 9 23 24 25 39 40 41
8 9 10 24 25 26 40 41 42
9 10 11 25 26 27 41 42 43
10 11 12 26 27 28 42 43 44
11 12 13 27 28 29 43 44 45
12 13 14 28 29 30 44 45 46
13 14 15 29 30 31 45 46 47
14 15 16 30 31 32 46 47 48
15 16 17 31 32 33 47 48 49
16 17 18 32 33 34 48 49 50
17 18 19 33 34 35 49 50 51
18 19 20 34 35 36 50 51 52
19 20 21 35 36 37 51 52 53
20 21 22 36 37 38 52 53 54
21 22 23 37 38 39 53 54 55
22 23 24 38 39 40 54 55 56
23 24 25 39 40 41 55 56 57
24 25 26 40 41 42 56 57 58
25 26 27 41 42 43 57 58 59
26 27 28 42 43 44 58 59 60
27 28 29 43 44 45 59 60 61
28 29 30 44 45 46 60 61 62
29 30 31 45 46 47 61 62 63
30 31 32 46 47 48 62 63 128
31 32 33 47 48 49 63 128 128
32 33 34 48 49 50 128 128 128
33 34 35 49 50 51 128 128 128
34 35 36 50 51 52 128 128 128
35 36 37 51 52 53 128 128 128
36 37 38 52 53 54 128 128 128
37 38 39 53 54 55 128 128 128
38 39 40 54 55 56 128 128 128
39 40 41 55 56 57 128 128 128
40 41 42 56 57 58 128 128 128
41 42 43 57 58 59 128 128 128
42 43 44 58 59 60 128 128 128
43 44 45 59 60 61 128 128 128
44 45 46 60 61 62 128 128 128
45 46 47 61 62 63 128 128 128
46 47 48 62 63 128 128 128 128
47 48 49 63 128 128 128 128 128
48 49 50 128 128 128 128 128 128
49 50 51 128 128 128 128 128 128
50 51 52 128 128 128 128 128 128
51 52 53 128 128 128 128 128 128
52 53 54 128 128 128 128 128 128
53 54 55 128 128 128 128 128 128
54 55 56 128 128 128 128 128 128
55 56 57 128 128 128 128 128 128
56 57 58 128 128 128 128 128 128
57 58 59 128 128 128 128 128 128
58 59 60 128 128 128 128 128 128
59 60 61 128 128 128 128 128 128
60 61 62 128 128 128 128 128 128
61 62 63 128 128 128 128 128 128
62 63 128 128 128 128 128 128 128
63 128 128 128 128 128 128 128 128
128 128 128 128 128 128 128 128 128
128 128 128 128 128 128 128 128 128
128 128 128 128 128 128 128 128 128
128 128 128 128 128 128 128 128 128
128 128 128 128 128 128 128 128 128
128 128 128 128 128 128 128 128 128
128 128 128 128 128 128 128 128 128
128 128 128 128 128 128 128 128 128
128 128 128 128 128 128 128 128 128
128 128 128 128 128 128 128 128 128
128 128 128 128 128 128 128 128 128
128 128 128 128 128 128 128 128 128
128 128 128 128 128 128 128 128 128
128 128 128 128 128 128 128 128 128
128 128 128 128 128 128 128 128 128
128 128 128 128 128 128 128 128 128
128 128 128 128 128 128 128 128 128
128 128 128 128 128 128 128 128 128
128 128 128 128 128 128 128 128 128
128 128 128 128 128 128 128 128 128
128 128 128 128 128 128 128 128 128
128 128 128 128 128 128 128 128 128
128 128 128 128 128 128 128 128 128
128 128 128 128 128 128 128 128 128
128 128 128 128 128 128 128 128 128
128 128 128 128 128 128 128 128 128
128 128 128 128 128 128 128 128 128
128 128 128 128 128 128 128 128 128
128 128 128 128 128 128 128 128 128
128 128 128 128 128 128 128 128 128
128 128 128 128 128 128 128 128 170
128 128 128 128 128 128 128 170 85
128 128 128 128 128 128 170 85 170
128 128 128 128 128 128 85 170 85
128 128 128 128 128 128 170 85 170
128 128 128 128 128 128 85 170 85
128 128 128 128 128 128 170 85 170
128 128 128 128 128 128 85 170 85
128 128 128 128 128 128 170 85 170
128 128 128 128 128 128 85 170 85
128 128 128 128 128 128 170 85 170
128 128 128 128 128 128 85 170 85
128 128 128 128 128 128 170 85 170
128 128 128 128 128 128 85 170 85
128 128 128 128 128 128 170 85 170
128 128 128 128 128 128 85 170 85
128 128 128 128 128 170 170 85 85
128 128 128 128 170 85 85 85 170
128 128 128 170 85 170 85 170 85
128 128 128 85 170 85 170 85 170
128 128 128 170 85 170 85 170 85
128 128 128 85 170 85 170 85 170
128 128 128 170 85 170 85 170 85
128 128 128 85 170 85 170 85 170
128 128 128 170 85 170 85 170 85
128 128 128 85 170 85 170 85 170
128 128 128 170 85 170 85 170 85
128 128 128 85 170 85 170 85 170
128 128 128 170 85 170 85 170 85
128 128 128 85 170 85 170 85 170
128 128 128 170 85 170 85 170 85
128 128 128 85 170 85 170 85 170
128 128 170 170 85 85 85 170 170
128 170 85 85 85 170 170 170 85
170 85 170 85 170 85 170 85 170
85 170 85 170 85 170 85 170 85
170 85 170 85 170 85 170 85 170
85 170 85 170 85 170 85 170 85
170 85 170 85 170 85 170 85 170
85 170 85 170 85 170 85 170 85
170 85 170 85 170 85 170 85 170
85 170 85 170 85 170 85 170 85
170 85 170 85 170 85 170 85 170
85 170 85 170 85 170 85 170 85
170 85 170 85 170 85 170 85 170
85 170 85 170 85 170 85 170 85
170 85 170 85 170 85 170 85 170
85 170 85 170 85 170 85 170 85
170 85 85 85 170 170 170 85 85
85 85 170 170 170 85 85 85 170
85 170 85 170 85 170 85 170 85
170 85 170 85 170 85 170 85 170
85 170 85 170 85 170 85 170 85
170 85 170 85 170 85 170 85 170
85 170 85 170 85 170 85 170 85
170 85 170 85 170 85 170 85 170
85 170 85 170 85 170 85 170 85
170 85 170 85 170 85 170 85 170
85 170 85 170 85 170 85 170 85
170 85 170 85 170 85 170 85 170
85 170 85 170 85 170 85 170 85
170 85 170 85 170 85 170 85 170
85 170 85 170 85 170 85 170 85
170 85 170 85 170 85 170 85 170
