0 0 0 0 0 1 2 3 4
0 0 0 0 1 2 3 4 5
0 0 0 1 2 3 4 5 6
0 0 1 2 3 4 5 6 7
0 1 2 3 4 5 6 7 8
1 2 3 4 5 6 7 8 128
2 3 4 5 6 7 8 128 128
3 4 5 6 7 8 128 128 128
4 5 6 7 8 128 128 128 128
5 6 7 8 128 128 128 128 128
6 7 8 128 128 128 128 128 128
7 8 128 128 128 128 128 128 128
8 128 128 128 128 128 128 128 128
128 128 128 128 128 128 128 128 128
128 128 128 128 128 128 128 128 170
128 128 128 128 128 128 128 170 85
128 128 128 128 128 128 170 85 170
128 128 128 128 128 170 85 170 85
128 128 128 128 170 85 170 85 170
128 128 128 170 85 170 85 170 85
128 128 170 85 170 85 170 85 170
128 170 85 170 85 170 85 170 85
170 85 170 85 170 85 170 85 170
85 170 85 170 85 170 85 170 0
