0 0 0 0 0 0 0 0 1 2 6 7 8 9 10
0 0 0 0 0 0 0 1 2 3 7 8 9 10 11
0 0 0 0 0 0 1 2 3 4 8 9 10 11 12
0 0 0 0 0 1 2 3 4 5 9 10 11 12 13
0 0 0 0 0 2 3 4 5 6 10 11 12 13 14
0 0 0 0 0 3 4 5 6 7 11 12 13 14 15
0 0 0 0 0 4 5 6 7 8 12 13 14 15 16
0 0 0 0 1 5 6 7 8 9 13 14 15 16 17
0 0 0 1 2 6 7 8 9 10 14 15 16 17 18
0 0 1 2 3 7 8 9 10 11 15 16 17 18 19
0 1 2 3 4 8 9 10 11 12 16 17 18 19 20
1 2 3 4 5 9 10 11 12 13 17 18 19 20 21
2 3 4 5 6 10 11 12 13 14 18 19 20 21 22
3 4 5 6 7 11 12 13 14 15 19 20 21 22 23
4 5 6 7 8 12 13 14 15 16 20 21 22 23 24
5 6 7 8 9 13 14 15 16 17 21 22 23 24 25
6 7 8 9 10 14 15 16 17 18 22 23 24 25 26
7 8 9 10 11 15 16 17 18 19 23 24 25 26 27
8 9 10 11 12 16 17 18 19 20 24 25 26 27 28
9 10 11 12 13 17 18 19 20 21 25 26 27 28 29
10 11 12 13 14 18 19 20 21 22 26 27 28 29 30
11 12 13 14 15 19 20 21 22 23 27 28 29 30 31
12 13 14 15 16 20 21 22 23 24 28 29 30 31 32
13 14 15 16 17 21 22 23 24 25 29 30 31 32 33
14 15 16 17 18 22 23 24 25 26 30 31 32 33 34
15 16 17 18 19 23 24 25 26 27 31 32 33 34 35
16 17 18 19 20 24 25 26 27 28 32 33 34 35 36
17 18 19 20 21 25 26 27 28 29 33 34 35 36 37
18 19 20 21 22 26 27 28 29 30 34 35 36 37 38
19 20 21 22 23 27 28 29 30 31 35 36 37 38 39
20 21 22 23 24 28 29 30 31 32 36 37 38 39 40
21 22 23 24 25 29 30 31 32 33 37 38 39 40 41
22 23 24 25 26 30 31 32 33 34 38 39 40 41 42
23 24 25 26 27 31 32 33 34 35 39 40 41 42 43
24 25 26 27 28 32 33 34 35 36 40 41 42 43 44
25 26 27 28 29 33 34 35 36 37 41 42 43 44 45
26 27 28 29 30 34 35 36 37 38 42 43 44 45 46
27 28 29 30 31 35 36 37 38 39 43 44 45 46 47
28 29 30 31 32 36 37 38 39 40 44 45 46 47 48
29 30 31 32 33 37 38 39 40 41 45 46 47 48 49
30 31 32 33 34 38 39 40 41 42 46 47 48 49 50
31 32 33 34 35 39 40 41 42 43 47 48 49 50 51
32 33 34 35 36 40 41 42 43 44 48 49 50 51 52
33 34 35 36 37 41 42 43 44 45 49 50 51 52 53
34 35 36 37 38 42 43 44 45 46 50 51 52 53 54
35 36 37 38 39 43 44 45 46 47 51 52 53 54 55
36 37 38 39 40 44 45 46 47 48 52 53 54 55 56
37 38 39 40 41 45 46 47 48 49 53 54 55 56 57
38 39 40 41 42 46 47 48 49 50 54 55 56 57 58
39 40 41 42 43 47 48 49 50 51 55 56 57 58 59
40 41 42 43 44 48 49 50 51 52 56 57 58 59 60
41 42 43 44 45 49 50 51 52 53 57 58 59 60 61
42 43 44 45 46 50 51 52 53 54 58 59 60 61 62
43 44 45 46 47 51 52 53 54 55 59 60 61 62 63
44 45 46 47 48 52 53 54 55 56 60 61 62 63 128
45 46 47 48 49 53 54 55 56 57 61 62 63 128 128
46 47 48 49 50 54 55 56 57 58 62 63 128 128 128
47 48 49 50 51 55 56 57 58 59 63 128 128 128 128
48 49 50 51 52 56 57 58 59 60 128 128 128 128 128
49 50 51 52 53 57 58 59 60 61 128 128 128 128 128
50 51 52 53 54 58 59 60 61 62 128 128 128 128 128
51 52 53 54 55 59 60 61 62 63 128 128 128 128 128
52 53 54 55 56 60 61 62 63 128 128 128 128 128 128
53 54 55 56 57 61 62 63 128 128 128 128 128 128 128
54 55 56 57 58 62 63 128 128 128 128 128 128 128 128
55 56 57 58 59 63 128 128 128 128 128 128 128 128 128
56 57 58 59 60 128 128 128 128 128 128 128 128 128 128
57 58 59 60 61 128 128 128 128 128 128 128 128 128 128
58 59 60 61 62 128 128 128 128 128 128 128 128 128 128
59 60 61 62 63 128 128 128 128 128 128 128 128 128 128
60 61 62 63 128 128 128 128 128 128 128 128 128 128 128
61 62 63 128 128 128 128 128 128 128 128 128 128 128 128
62 63 128 128 128 128 128 128 128 128 128 128 128 128 128
63 128 128 128 128 128 128 128 128 128 128 128 128 128 128
128 128 128 128 128 128 128 128 128 128 128 128 128 128 128
128 128 128 128 128 128 128 128 128 128 128 128 128 128 128
128 128 128 128 128 128 128 128 128 128 128 128 128 128 128
128 128 128 128 128 128 128 128 128 128 128 128 128 128 128
128 128 128 128 128 128 128 128 128 128 128 128 128 128 128
128 128 128 128 128 128 128 128 128 128 128 128 128 128 128
128 128 128 128 128 128 128 128 128 128 128 128 128 128 128
128 128 128 128 128 128 128 128 128 128 128 128 128 128 128
128 128 128 128 128 128 128 128 128 128 128 128 128 128 128
128 128 128 128 128 128 128 128 128 128 128 128 128 128 128
128 128 128 128 128 128 128 128 128 128 128 128 128 128 128
128 128 128 128 128 128 128 128 128 128 128 128 128 128 128
128 128 128 128 128 128 128 128 128 128 128 128 128 128 128
128 128 128 128 128 128 128 128 128 128 128 128 128 128 128
128 128 128 128 128 128 128 128 128 128 128 128 128 128 128
128 128 128 128 128 128 128 128 128 128 128 128 128 128 128
128 128 128 128 128 128 128 128 128 128 128 128 128 128 128
128 128 128 128 128 128 128 128 128 128 128 128 128 128 128
128 128 128 128 128 128 128 128 128 128 128 128 128 128 128
128 128 128 128 128 128 128 128 128 128 128 128 128 128 128
128 128 128 128 128 128 128 128 128 128 128 128 128 128 128
128 128 128 128 128 128 128 128 128 128 128 128 128 128 128
128 128 128 128 128 128 128 128 128 128 128 128 128 128 128
128 128 128 128 128 128 128 128 128 128 128 128 128 128 128
128 128 128 128 128 128 128 128 128 128 128 128 128 128 128
128 128 128 128 128 128 128 128 128 128 128 128 128 128 128
128 128 128 128 128 128 128 128 128 128 128 128 128 128 128
128 128 128 128 128 128 128 128 128 128 128 128 128 128 128
128 128 128 128 128 128 128 128 128 128 128 128 128 128 128
128 128 128 128 128 128 128 128 128 128 128 128 128 128 128
128 128 128 128 128 128 128 128 128 128 128 128 128 128 128
128 128 128 128 128 128 128 128 128 128 128 128 128 128 128
128 128 128 128 128 128 128 128 128 128 128 128 128 128 128
128 128 128 128 128 128 128 128 128 128 128 128 128 128 128
128 128 128 128 128 128 128 128 128 128 128 128 128 128 128
128 128 128 128 128 128 128 128 128 128 128 128 128 128 128
128 128 128 128 128 128 128 128 128 128 128 128 128 128 128
128 128 128 128 128 128 128 128 128 128 128 128 128 128 128
128 128 128 128 128 128 128 128 128 128 128 128 128 128 128
128 128 128 128 128 128 128 128 128 128 128 128 128 128 128
128 128 128 128 128 128 128 128 128 128 128 128 128 128 128
128 128 128 128 128 128 128 128 128 128 128 128 128 128 128
128 128 128 128 128 128 128 128 128 128 128 128 128 128 128
128 128 128 128 128 128 128 128 128 128 128 128 128 128 128
128 128 128 128 128 128 128 128 128 128 128 128 128 128 170
128 128 128 128 128 128 128 128 128 128 128 128 128 170 85
128 128 128 128 128 128 128 128 128 128 128 128 170 85 170
128 128 128 128 128 128 128 128 128 128 128 170 85 170 85
128 128 128 128 128 128 128 128 128 128 170 85 170 85 170
128 128 128 128 128 128 128 128 128 128 85 170 85 170 85
128 128 128 128 128 128 128 128 128 128 170 85 170 85 170
128 128 128 128 128 128 128 128 128 128 85 170 85 170 85
128 128 128 128 128 128 128 128 128 170 170 85 170 85 85
128 128 128 128 128 128 128 128 170 85 85 170 85 85 170
128 128 128 128 128 128 128 170 85 170 170 85 85 170 85
128 128 128 128 128 128 170 85 170 85 85 85 170 85 170
128 128 128 128 128 170 85 170 85 170 85 170 85 170 85
128 128 128 128 128 85 170 85 170 85 170 85 170 85 170
128 128 128 128 128 170 85 170 85 170 85 170 85 170 85
128 128 128 128 128 85 170 85 170 85 170 85 170 85 170
128 128 128 128 170 170 85 170 85 85 85 170 85 170 170
128 128 128 170 85 85 170 85 85 170 170 85 170 170 85
128 128 170 85 170 170 85 85 170 85 85 170 170 85 170
128 170 85 170 85 85 85 170 85 170 170 170 85 170 85
170 85 170 85 170 85 170 85 170 85 170 85 170 85 170
85 170 85 170 85 170 85 170 85 170 85 170 85 170 85
170 85 170 85 170 85 170 85 170 85 170 85 170 85 170
85 170 85 170 85 170 85 170 85 170 85 170 85 170 85
170 85 170 85 85 85 170 85 170 170 170 85 170 85 85
85 170 85 85 170 170 85 170 170 85 85 170 85 85 170
170 85 85 170 85 85 170 170 85 170 170 85 85 170 85
85 85 170 85 170 170 170 85 170 85 85 85 170 85 170
85 170 85 170 85 170 85 170 85 170 85 170 85 170 85
170 85 170 85 170 85 170 85 170 85 170 85 170 85 170
85 170 85 170 85 170 85 170 85 170 85 170 85 170 85
170 85 170 85 170 85 170 85 170 85 170 85 170 85 170
85 170 85 170 170 170 85 170 85 85 85 170 85 170 170
170 85 170 170 85 85 170 85 85 170 170 85 170 170 85
85 170 170 85 170 170 85 85 170 85 85 170 170 85 170
170 170 85 170 85 85 85 170 85 170 170 170 85 170 85
170 85 170 85 170 85 170 85 170 85 170 85 170 85 170
85 170 85 170 85 170 85 170 85 170 85 170 85 170 85
170 85 170 85 170 85 170 85 170 85 170 85 170 85 170
85 170 85 170 85 170 85 170 85 170 85 170 85 170 85
170 85 170 85 85 85 170 85 170 170 170 85 170 85 85
85 170 85 85 170 170 85 170 170 85 85 170 85 85 170
170 85 85 170 85 85 170 170 85 170 170 85 85 170 85
85 85 170 85 170 170 170 85 170 85 85 85 170 85 170
85 170 85 170 85 170 85 170 85 170 85 170 85 170 85
170 85 170 85 170 85 170 85 170 85 170 85 170 85 170
85 170 85 170 85 170 85 170 85 170 85 170 85 170 85
170 85 170 85 170 85 170 85 170 85 170 85 170 85 170
85 170 85 170 170 170 85 170 85 85 85 170 85 170 170
170 85 170 170 85 85 170 85 85 170 170 85 170 170 85
85 170 170 85 170 170 85 85 170 85 85 170 170 85 170
170 170 85 170 85 85 85 170 85 170 170 170 85 170 85
170 85 170 85 170 85 170 85 170 85 170 85 170 85 170
85 170 85 170 85 170 85 170 85 170 85 170 85 170 85
170 85 170 85 170 85 170 85 170 85 170 85 170 85 170
85 170 85 170 85 170 85 170 85 170 85 170 85 170 85
170 85 170 85 85 85 170 85 170 170 170 85 170 85 85
85 170 85 85 170 170 85 170 170 85 85 170 85 85 170
170 85 85 170 85 85 170 170 85 170 170 85 85 170 85
85 85 170 85 170 170 170 85 170 85 85 85 170 85 170
85 170 85 170 85 170 85 170 85 170 85 170 85 170 85
170 85 170 85 170 85 170 85 170 85 170 85 170 85 170
85 170 85 170 85 170 85 170 85 170 85 170 85 170 85
170 85 170 85 170 85 170 85 170 85 170 85 170 85 170
85 170 85 170 170 170 85 170 85 85 85 170 85 170 0
170 85 170 170 85 85 170 85 85 170 170 85 170 0 0
