0 0 0 0 0 0 0 0 1 2 6 7 128 128 128
0 0 0 0 0 0 0 1 2 3 7 128 128 128 128
0 0 0 0 0 0 1 2 3 4 128 128 128 128 128
0 0 0 0 0 1 2 3 4 5 128 128 128 128 128
0 0 0 0 0 2 3 4 5 6 128 128 128 128 128
0 0 0 0 0 3 4 5 6 7 128 128 128 128 128
0 0 0 0 0 4 5 6 7 128 128 128 128 128 170
0 0 0 0 1 5 6 7 128 128 128 128 128 170 85
0 0 0 1 2 6 7 128 128 128 128 128 170 85 170
0 0 1 2 3 7 128 128 128 128 128 170 85 170 85
0 1 2 3 4 128 128 128 128 128 170 85 170 85 170
1 2 3 4 5 128 128 128 128 128 85 170 85 170 85
2 3 4 5 6 128 128 128 128 128 170 85 170 85 170
3 4 5 6 7 128 128 128 128 128 85 170 85 170 85
4 5 6 7 128 128 128 128 128 170 170 85 170 85 0
5 6 7 128 128 128 128 128 170 85 85 170 85 0 0
