0 0 0 0 0 0 0 0 1 2 1 2 3 4 5
0 0 0 0 0 0 0 1 2 3 2 3 4 5 6
0 0 0 0 0 0 1 2 3 4 3 4 5 6 7
0 0 0 1 2 1 2 3 4 5 4 5 6 7 8
0 0 1 2 3 2 3 4 5 6 5 6 7 8 0
0 1 2 3 4 3 4 5 6 7 6 7 8 0 0
1 2 3 4 5 4 5 6 7 8 0 0 0 0 0
2 3 4 5 6 5 6 7 8 0 0 0 0 0 0
3 4 5 6 7 6 7 8 0 0 0 0 0 0 0
0 0 0 0 0 0 0 128 128 128 128 128 128 128 128
0 0 0 0 0 0 128 128 128 128 128 128 128 128 128
0 0 0 0 0 128 128 128 128 128 128 128 128 128 128
0 0 128 128 128 128 128 128 128 128 128 128 128 128 128
0 128 128 128 128 128 128 128 128 128 128 128 128 128 0
128 128 128 128 128 128 128 128 128 128 128 128 128 0 0
128 128 128 128 128 128 128 128 128 128 0 0 0 0 0
128 128 128 128 128 128 128 128 128 0 0 0 0 0 0
128 128 128 128 128 128 128 128 0 0 0 0 0 0 0
0 0 0 0 0 0 0 170 85 170 85 170 85 170 85
0 0 0 0 0 0 170 85 170 85 170 85 170 85 170
0 0 0 0 0 170 85 170 85 170 85 170 85 170 85
0 0 170 85 170 85 170 85 170 85 170 85 170 85 170
0 170 85 170 85 170 85 170 85 170 85 170 85 170 0
170 85 170 85 170 85 170 85 170 85 170 85 170 0 0
85 170 85 170 85 170 85 170 85 170 0 0 0 0 0
170 85 170 85 170 85 170 85 170 0 0 0 0 0 0
85 170 85 170 85 170 85 170 0 0 0 0 0 0 0
