0 0 0 0 0 0 0 0 0 0 0 1 2 0 0 0 0 3 4 5 0
0 0 0 0 0 0 0 0 0 0 1 2 0 0 0 0 3 4 5 0 0
0 0 0 0 0 0 0 0 0 1 2 0 0 0 0 3 4 5 0 0 0
0 0 0 0 1 2 0 0 0 0 3 4 5 0 0 0 0 6 7 8 0
0 0 0 1 2 0 0 0 0 3 4 5 0 0 0 0 6 7 8 0 0
0 0 1 2 0 0 0 0 3 4 5 0 0 0 0 6 7 8 0 0 0
0 0 0 3 4 5 0 0 0 0 6 7 8 0 0 0 0 0 0 0 0
0 0 3 4 5 0 0 0 0 6 7 8 0 0 0 0 0 0 0 0 0
0 3 4 5 0 0 0 0 6 7 8 0 0 0 0 0 0 0 0 0 0
0 0 0 0 0 0 0 0 0 0 128 128 128 0 0 0 0 128 128 128 0
0 0 0 0 0 0 0 0 0 128 128 128 0 0 0 0 128 128 128 0 0
0 0 0 0 0 0 0 0 128 128 128 0 0 0 0 128 128 128 0 0 0
0 0 0 128 128 128 0 0 0 0 128 128 128 0 0 0 0 128 128 128 0
0 0 128 128 128 0 0 0 0 128 128 128 0 0 0 0 128 128 128 0 0
0 128 128 128 0 0 0 0 128 128 128 0 0 0 0 128 128 128 0 0 0
0 0 0 128 128 128 0 0 0 0 128 128 128 0 0 0 0 0 0 0 0
0 0 128 128 128 0 0 0 0 128 128 128 0 0 0 0 0 0 0 0 0
0 128 128 128 0 0 0 0 128 128 128 0 0 0 0 0 0 0 0 0 0
0 0 0 0 0 0 0 0 0 0 170 85 170 0 0 0 0 85 170 85 0
0 0 0 0 0 0 0 0 0 170 85 170 0 0 0 0 85 170 85 0 0
0 0 0 0 0 0 0 0 170 85 170 0 0 0 0 85 170 85 0 0 0
0 0 0 170 85 170 0 0 0 0 85 170 85 0 0 0 0 170 85 170 0
0 0 170 85 170 0 0 0 0 85 170 85 0 0 0 0 170 85 170 0 0
0 170 85 170 0 0 0 0 85 170 85 0 0 0 0 170 85 170 0 0 0
