0 0 0 0 0 0 0 0 0 0 0 1 2 3 1 2 3 4 5 6 7
0 0 0 0 0 0 0 0 0 0 1 2 3 4 2 3 4 5 6 7 8
0 0 0 0 0 0 1 0 0 1 2 3 4 5 3 4 5 6 7 8 9
0 0 0 0 0 1 2 0 1 2 3 4 5 6 4 5 6 7 8 9 10
0 0 0 0 1 2 3 1 2 3 4 5 6 7 5 6 7 8 9 10 11
0 0 0 1 2 3 4 2 3 4 5 6 7 8 6 7 8 9 10 11 12
0 0 1 2 3 4 5 3 4 5 6 7 8 9 7 8 9 10 11 12 13
0 1 2 3 4 5 6 4 5 6 7 8 9 10 8 9 10 11 12 13 14
1 2 3 4 5 6 7 5 6 7 8 9 10 11 9 10 11 12 13 14 15
2 3 4 5 6 7 8 6 7 8 9 10 11 12 10 11 12 13 14 15 16
3 4 5 6 7 8 9 7 8 9 10 11 12 13 11 12 13 14 15 16 17
4 5 6 7 8 9 10 8 9 10 11 12 13 14 12 13 14 15 16 17 18
5 6 7 8 9 10 11 9 10 11 12 13 14 15 13 14 15 16 17 18 19
6 7 8 9 10 11 12 10 11 12 13 14 15 16 14 15 16 17 18 19 20
7 8 9 10 11 12 13 11 12 13 14 15 16 17 15 16 17 18 19 20 21
8 9 10 11 12 13 14 12 13 14 15 16 17 18 16 17 18 19 20 21 22
9 10 11 12 13 14 15 13 14 15 16 17 18 19 17 18 19 20 21 22 23
10 11 12 13 14 15 16 14 15 16 17 18 19 20 18 19 20 21 22 23 24
11 12 13 14 15 16 17 15 16 17 18 19 20 21 19 20 21 22 23 24 25
12 13 14 15 16 17 18 16 17 18 19 20 21 22 20 21 22 23 24 25 26
13 14 15 16 17 18 19 17 18 19 20 21 22 23 21 22 23 24 25 26 27
14 15 16 17 18 19 20 18 19 20 21 22 23 24 22 23 24 25 26 27 28
15 16 17 18 19 20 21 19 20 21 22 23 24 25 23 24 25 26 27 28 29
16 17 18 19 20 21 22 20 21 22 23 24 25 26 24 25 26 27 28 29 30
17 18 19 20 21 22 23 21 22 23 24 25 26 27 25 26 27 28 29 30 31
18 19 20 21 22 23 24 22 23 24 25 26 27 28 26 27 28 29 30 31 32
19 20 21 22 23 24 25 23 24 25 26 27 28 29 27 28 29 30 31 32 33
20 21 22 23 24 25 26 24 25 26 27 28 29 30 28 29 30 31 32 33 34
21 22 23 24 25 26 27 25 26 27 28 29 30 31 29 30 31 32 33 34 35
22 23 24 25 26 27 28 26 27 28 29 30 31 32 30 31 32 33 34 35 36
23 24 25 26 27 28 29 27 28 29 30 31 32 33 31 32 33 34 35 36 37
24 25 26 27 28 29 30 28 29 30 31 32 33 34 32 33 34 35 36 37 38
25 26 27 28 29 30 31 29 30 31 32 33 34 35 33 34 35 36 37 38 39
26 27 28 29 30 31 32 30 31 32 33 34 35 36 34 35 36 37 38 39 40
27 28 29 30 31 32 33 31 32 33 34 35 36 37 35 36 37 38 39 40 41
28 29 30 31 32 33 34 32 33 34 35 36 37 38 36 37 38 39 40 41 42
29 30 31 32 33 34 35 33 34 35 36 37 38 39 37 38 39 40 41 42 43
30 31 32 33 34 35 36 34 35 36 37 38 39 40 38 39 40 41 42 43 44
31 32 33 34 35 36 37 35 36 37 38 39 40 41 39 40 41 42 43 44 45
32 33 34 35 36 37 38 36 37 38 39 40 41 42 40 41 42 43 44 45 46
33 34 35 36 37 38 39 37 38 39 40 41 42 43 41 42 43 44 45 46 47
34 35 36 37 38 39 40 38 39 40 41 42 43 44 42 43 44 45 46 47 48
35 36 37 38 39 40 41 39 40 41 42 43 44 45 43 44 45 46 47 48 49
36 37 38 39 40 41 42 40 41 42 43 44 45 46 44 45 46 47 48 49 50
37 38 39 40 41 42 43 41 42 43 44 45 46 47 45 46 47 48 49 50 51
38 39 40 41 42 43 44 42 43 44 45 46 47 48 46 47 48 49 50 51 52
39 40 41 42 43 44 45 43 44 45 46 47 48 49 47 48 49 50 51 52 53
40 41 42 43 44 45 46 44 45 46 47 48 49 50 48 49 50 51 52 53 54
41 42 43 44 45 46 47 45 46 47 48 49 50 51 49 50 51 52 53 54 55
42 43 44 45 46 47 48 46 47 48 49 50 51 52 50 51 52 53 54 55 56
43 44 45 46 47 48 49 47 48 49 50 51 52 53 51 52 53 54 55 56 57
44 45 46 47 48 49 50 48 49 50 51 52 53 54 52 53 54 55 56 57 58
45 46 47 48 49 50 51 49 50 51 52 53 54 55 53 54 55 56 57 58 59
46 47 48 49 50 51 52 50 51 52 53 54 55 56 54 55 56 57 58 59 60
47 48 49 50 51 52 53 51 52 53 54 55 56 57 55 56 57 58 59 60 61
48 49 50 51 52 53 54 52 53 54 55 56 57 58 56 57 58 59 60 61 62
49 50 51 52 53 54 55 53 54 55 56 57 58 59 57 58 59 60 61 62 63
50 51 52 53 54 55 56 54 55 56 57 58 59 60 58 59 60 61 62 63 128
51 52 53 54 55 56 57 55 56 57 58 59 60 61 59 60 61 62 63 128 128
52 53 54 55 56 57 58 56 57 58 59 60 61 62 60 61 62 63 128 128 128
53 54 55 56 57 58 59 57 58 59 60 61 62 63 61 62 63 128 128 128 128
54 55 56 57 58 59 60 58 59 60 61 62 63 128 62 63 128 128 128 128 128
55 56 57 58 59 60 61 59 60 61 62 63 128 128 63 128 128 128 128 128 128
56 57 58 59 60 61 62 60 61 62 63 128 128 128 128 128 128 128 128 128 128
57 58 59 60 61 62 63 61 62 63 128 128 128 128 128 128 128 128 128 128 128
58 59 60 61 62 63 128 62 63 128 128 128 128 128 128 128 128 128 128 128 128
59 60 61 62 63 128 128 63 128 128 128 128 128 128 128 128 128 128 128 128 128
60 61 62 63 128 128 128 128 128 128 128 128 128 128 128 128 128 128 128 128 128
61 62 63 128 128 128 128 128 128 128 128 128 128 128 128 128 128 128 128 128 128
62 63 128 128 128 128 128 128 128 128 128 128 128 128 128 128 128 128 128 128 128
63 128 128 128 128 128 128 128 128 128 128 128 128 128 128 128 128 128 128 128 128
128 128 128 128 128 128 128 128 128 128 128 128 128 128 128 128 128 128 128 128 128
128 128 128 128 128 128 128 128 128 128 128 128 128 128 128 128 128 128 128 128 128
128 128 128 128 128 128 128 128 128 128 128 128 128 128 128 128 128 128 128 128 128
128 128 128 128 128 128 128 128 128 128 128 128 128 128 128 128 128 128 128 128 128
128 128 128 128 128 128 128 128 128 128 128 128 128 128 128 128 128 128 128 128 128
128 128 128 128 128 128 128 128 128 128 128 128 128 128 128 128 128 128 128 128 128
128 128 128 128 128 128 128 128 128 128 128 128 128 128 128 128 128 128 128 128 128
128 128 128 128 128 128 128 128 128 128 128 128 128 128 128 128 128 128 128 128 128
128 128 128 128 128 128 128 128 128 128 128 128 128 128 128 128 128 128 128 128 128
128 128 128 128 128 128 128 128 128 128 128 128 128 128 128 128 128 128 128 128 128
128 128 128 128 128 128 128 128 128 128 128 128 128 128 128 128 128 128 128 128 128
128 128 128 128 128 128 128 128 128 128 128 128 128 128 128 128 128 128 128 128 128
128 128 128 128 128 128 128 128 128 128 128 128 128 128 128 128 128 128 128 128 128
128 128 128 128 128 128 128 128 128 128 128 128 128 128 128 128 128 128 128 128 128
128 128 128 128 128 128 128 128 128 128 128 128 128 128 128 128 128 128 128 128 128
128 128 128 128 128 128 128 128 128 128 128 128 128 128 128 128 128 128 128 128 128
128 128 128 128 128 128 128 128 128 128 128 128 128 128 128 128 128 128 128 128 128
128 128 128 128 128 128 128 128 128 128 128 128 128 128 128 128 128 128 128 128 128
128 128 128 128 128 128 128 128 128 128 128 128 128 128 128 128 128 128 128 128 128
128 128 128 128 128 128 128 128 128 128 128 128 128 128 128 128 128 128 128 128 128
128 128 128 128 128 128 128 128 128 128 128 128 128 128 128 128 128 128 128 128 128
128 128 128 128 128 128 128 128 128 128 128 128 128 128 128 128 128 128 128 128 128
128 128 128 128 128 128 128 128 128 128 128 128 128 128 128 128 128 128 128 128 128
128 128 128 128 128 128 128 128 128 128 128 128 128 128 128 128 128 128 128 128 128
128 128 128 128 128 128 128 128 128 128 128 128 128 128 128 128 128 128 128 128 128
128 128 128 128 128 128 128 128 128 128 128 128 128 128 128 128 128 128 128 128 128
128 128 128 128 128 128 128 128 128 128 128 128 128 128 128 128 128 128 128 128 128
128 128 128 128 128 128 128 128 128 128 128 128 128 128 128 128 128 128 128 128 128
128 128 128 128 128 128 128 128 128 128 128 128 128 128 128 128 128 128 128 128 128
128 128 128 128 128 128 128 128 128 128 128 128 128 128 128 128 128 128 128 128 128
128 128 128 128 128 128 128 128 128 128 128 128 128 128 128 128 128 128 128 128 128
128 128 128 128 128 128 128 128 128 128 128 128 128 128 128 128 128 128 128 128 128
128 128 128 128 128 128 128 128 128 128 128 128 128 128 128 128 128 128 128 128 128
128 128 128 128 128 128 128 128 128 128 128 128 128 128 128 128 128 128 128 128 128
128 128 128 128 128 128 128 128 128 128 128 128 128 128 128 128 128 128 128 128 128
128 128 128 128 128 128 128 128 128 128 128 128 128 128 128 128 128 128 128 128 128
128 128 128 128 128 128 128 128 128 128 128 128 128 128 128 128 128 128 128 128 128
128 128 128 128 128 128 128 128 128 128 128 128 128 128 128 128 128 128 128 128 128
128 128 128 128 128 128 128 128 128 128 128 128 128 128 128 128 128 128 128 128 128
128 128 128 128 128 128 128 128 128 128 128 128 128 128 128 128 128 128 128 128 128
128 128 128 128 128 128 128 128 128 128 128 128 128 128 128 128 128 128 128 128 128
128 128 128 128 128 128 128 128 128 128 128 128 128 128 128 128 128 128 128 128 128
128 128 128 128 128 128 128 128 128 128 128 128 128 128 128 128 128 128 128 128 128
128 128 128 128 128 128 128 128 128 128 128 128 128 128 128 128 128 128 128 128 128
128 128 128 128 128 128 128 128 128 128 128 128 128 128 128 128 128 128 128 128 128
128 128 128 128 128 128 128 128 128 128 128 128 128 128 128 128 128 128 128 128 128
128 128 128 128 128 128 128 128 128 128 128 128 128 128 128 128 128 128 128 128 128
128 128 128 128 128 128 128 128 128 128 128 128 128 128 128 128 128 128 128 128 128
128 128 128 128 128 128 128 128 128 128 128 128 128 128 128 128 128 128 128 128 128
128 128 128 128 128 128 128 128 128 128 128 128 128 128 128 128 128 128 128 128 128
128 128 128 128 128 128 128 128 128 128 128 128 128 128 128 128 128 128 128 128 170
128 128 128 128 128 128 128 128 128 128 128 128 128 128 128 128 128 128 128 170 85
128 128 128 128 128 128 128 128 128 128 128 128 128 128 128 128 128 128 170 85 170
128 128 128 128 128 128 128 128 128 128 128 128 128 128 128 128 128 170 85 170 85
128 128 128 128 128 128 128 128 128 128 128 128 128 170 128 128 170 85 170 85 85
128 128 128 128 128 128 128 128 128 128 128 128 170 85 128 170 85 170 85 85 170
128 128 128 128 128 128 128 128 128 128 128 170 85 170 170 85 170 85 85 170 85
128 128 128 128 128 128 128 128 128 128 170 85 170 85 85 170 85 85 170 85 170
128 128 128 128 128 128 170 128 128 170 85 170 85 85 170 85 85 170 85 170 170
128 128 128 128 128 170 85 128 170 85 170 85 85 170 85 85 170 85 170 170 85
128 128 128 128 170 85 170 170 85 170 85 85 170 85 85 170 85 170 170 85 170
128 128 128 170 85 170 85 85 170 85 85 170 85 170 170 85 170 170 85 170 85
128 128 170 85 170 85 85 170 85 85 170 85 170 170 85 170 170 85 170 85 85
128 170 85 170 85 85 170 85 85 170 85 170 170 85 170 170 85 170 85 85 170
170 85 170 85 85 170 85 85 170 85 170 170 85 170 170 85 170 85 85 170 85
85 170 85 85 170 85 170 170 85 170 170 85 170 85 85 170 85 85 170 85 170
170 85 85 170 85 170 170 85 170 170 85 170 85 85 170 85 85 170 85 170 170
85 85 170 85 170 170 85 170 170 85 170 85 85 170 85 85 170 85 170 170 85
85 170 85 170 170 85 170 170 85 170 85 85 170 85 85 170 85 170 170 85 170
170 85 170 170 85 170 85 85 170 85 85 170 85 170 170 85 170 170 85 170 85
85 170 170 85 170 85 85 170 85 85 170 85 170 170 85 170 170 85 170 85 85
170 170 85 170 85 85 170 85 85 170 85 170 170 85 170 170 85 170 85 85 170
170 85 170 85 85 170 85 85 170 85 170 170 85 170 170 85 170 85 85 170 85
85 170 85 85 170 85 170 170 85 170 170 85 170 85 85 170 85 85 170 85 170
170 85 85 170 85 170 170 85 170 170 85 170 85 85 170 85 85 170 85 170 170
85 85 170 85 170 170 85 170 170 85 170 85 85 170 85 85 170 85 170 170 85
85 170 85 170 170 85 170 170 85 170 85 85 170 85 85 170 85 170 170 85 170
170 85 170 170 85 170 85 85 170 85 85 170 85 170 170 85 170 170 85 170 85
85 170 170 85 170 85 85 170 85 85 170 85 170 170 85 170 170 85 170 85 85
170 170 85 170 85 85 170 85 85 170 85 170 170 85 170 170 85 170 85 85 170
170 85 170 85 85 170 85 85 170 85 170 170 85 170 170 85 170 85 85 170 85
85 170 85 85 170 85 170 170 85 170 170 85 170 85 85 170 85 85 170 85 170
170 85 85 170 85 170 170 85 170 170 85 170 85 85 170 85 85 170 85 170 170
85 85 170 85 170 170 85 170 170 85 170 85 85 170 85 85 170 85 170 170 85
85 170 85 170 170 85 170 170 85 170 85 85 170 85 85 170 85 170 170 85 170
170 85 170 170 85 170 85 85 170 85 85 170 85 170 170 85 170 170 85 170 85
85 170 170 85 170 85 85 170 85 85 170 85 170 170 85 170 170 85 170 85 85
170 170 85 170 85 85 170 85 85 170 85 170 170 85 170 170 85 170 85 85 170
170 85 170 85 85 170 85 85 170 85 170 170 85 170 170 85 170 85 85 170 85
85 170 85 85 170 85 170 170 85 170 170 85 170 85 85 170 85 85 170 85 170
170 85 85 170 85 170 170 85 170 170 85 170 85 85 170 85 85 170 85 170 170
85 85 170 85 170 170 85 170 170 85 170 85 85 170 85 85 170 85 170 170 85
85 170 85 170 170 85 170 170 85 170 85 85 170 85 85 170 85 170 170 85 170
170 85 170 170 85 170 85 85 170 85 85 170 85 170 170 85 170 170 85 170 85
85 170 170 85 170 85 85 170 85 85 170 85 170 170 85 170 170 85 170 85 85
170 170 85 170 85 85 170 85 85 170 85 170 170 85 170 170 85 170 85 85 170
170 85 170 85 85 170 85 85 170 85 170 170 85 170 170 85 170 85 85 170 85
85 170 85 85 170 85 170 170 85 170 170 85 170 85 85 170 85 85 170 85 170
170 85 85 170 85 170 170 85 170 170 85 170 85 85 170 85 85 170 85 170 170
85 85 170 85 170 170 85 170 170 85 170 85 85 170 85 85 170 85 170 170 85
85 170 85 170 170 85 170 170 85 170 85 85 170 85 85 170 85 170 170 85 170
170 85 170 170 85 170 85 85 170 85 85 170 85 170 170 85 170 170 85 170 85
85 170 170 85 170 85 85 170 85 85 170 85 170 170 85 170 170 85 170 85 85
170 170 85 170 85 85 170 85 85 170 85 170 170 85 170 170 85 170 85 85 170
170 85 170 85 85 170 85 85 170 85 170 170 85 170 170 85 170 85 85 170 85
85 170 85 85 170 85 170 170 85 170 170 85 170 85 85 170 85 85 170 85 170
170 85 85 170 85 170 170 85 170 170 85 170 85 85 170 85 85 170 85 170 170
85 85 170 85 170 170 85 170 170 85 170 85 85 170 85 85 170 85 170 170 85
85 170 85 170 170 85 170 170 85 170 85 85 170 85 85 170 85 170 170 85 170
170 85 170 170 85 170 85 85 170 85 85 170 85 170 170 85 170 170 85 170 85
85 170 170 85 170 85 85 170 85 85 170 85 170 170 85 170 170 85 170 85 85
170 170 85 170 85 85 170 85 85 170 85 170 170 85 170 170 85 170 85 85 170
170 85 170 85 85 170 85 85 170 85 170 170 85 170 170 85 170 85 85 170 85
85 170 85 85 170 85 170 170 85 170 170 85 170 85 85 170 85 85 170 85 170
170 85 85 170 85 170 170 85 170 170 85 170 85 85 170 85 85 170 85 170 0
85 85 170 85 170 170 85 170 170 85 170 85 85 170 85 85 170 85 170 0 0
85 170 85 170 170 85 170 170 85 170 85 85 170 85 85 170 85 170 0 0 0
