0 0 0 0 0 0 0 0 0 0 0 1 2 3 2 3 4 5 6 7 8
0 0 0 0 0 0 0 0 0 0 1 2 3 4 3 4 5 6 7 8 9
0 0 0 0 0 0 0 0 0 1 2 3 4 5 4 5 6 7 8 9 10
0 0 0 0 0 0 1 0 1 2 3 4 5 6 5 6 7 8 9 10 11
0 0 0 0 0 1 2 1 2 3 4 5 6 7 6 7 8 9 10 11 12
0 0 0 0 1 2 3 2 3 4 5 6 7 8 7 8 9 10 11 12 13
0 0 0 1 2 3 4 3 4 5 6 7 8 9 8 9 10 11 12 13 14
0 0 1 2 3 4 5 4 5 6 7 8 9 10 9 10 11 12 13 14 15
0 1 2 3 4 5 6 5 6 7 8 9 10 11 10 11 12 13 14 15 16
1 2 3 4 5 6 7 6 7 8 9 10 11 12 11 12 13 14 15 16 17
2 3 4 5 6 7 8 7 8 9 10 11 12 13 12 13 14 15 16 17 18
3 4 5 6 7 8 9 8 9 10 11 12 13 14 13 14 15 16 17 18 19
4 5 6 7 8 9 10 9 10 11 12 13 14 15 14 15 16 17 18 19 20
5 6 7 8 9 10 11 10 11 12 13 14 15 16 15 16 17 18 19 20 21
6 7 8 9 10 11 12 11 12 13 14 15 16 17 16 17 18 19 20 21 22
7 8 9 10 11 12 13 12 13 14 15 16 17 18 17 18 19 20 21 22 23
8 9 10 11 12 13 14 13 14 15 16 17 18 19 18 19 20 21 22 23 24
9 10 11 12 13 14 15 14 15 16 17 18 19 20 19 20 21 22 23 24 128
10 11 12 13 14 15 16 15 16 17 18 19 20 21 20 21 22 23 24 128 128
11 12 13 14 15 16 17 16 17 18 19 20 21 22 21 22 23 24 128 128 128
12 13 14 15 16 17 18 17 18 19 20 21 22 23 22 23 24 128 128 128 128
13 14 15 16 17 18 19 18 19 20 21 22 23 24 23 24 128 128 128 128 128
14 15 16 17 18 19 20 19 20 21 22 23 24 128 24 128 128 128 128 128 128
15 16 17 18 19 20 21 20 21 22 23 24 128 128 128 128 128 128 128 128 128
16 17 18 19 20 21 22 21 22 23 24 128 128 128 128 128 128 128 128 128 128
17 18 19 20 21 22 23 22 23 24 128 128 128 128 128 128 128 128 128 128 128
18 19 20 21 22 23 24 23 24 128 128 128 128 128 128 128 128 128 128 128 128
19 20 21 22 23 24 128 24 128 128 128 128 128 128 128 128 128 128 128 128 128
20 21 22 23 24 128 128 128 128 128 128 128 128 128 128 128 128 128 128 128 128
21 22 23 24 128 128 128 128 128 128 128 128 128 128 128 128 128 128 128 128 128
22 23 24 128 128 128 128 128 128 128 128 128 128 128 128 128 128 128 128 128 128
23 24 128 128 128 128 128 128 128 128 128 128 128 128 128 128 128 128 128 128 128
24 128 128 128 128 128 128 128 128 128 128 128 128 128 128 128 128 128 128 128 128
128 128 128 128 128 128 128 128 128 128 128 128 128 128 128 128 128 128 128 128 128
128 128 128 128 128 128 128 128 128 128 128 128 128 128 128 128 128 128 128 128 128
128 128 128 128 128 128 128 128 128 128 128 128 128 128 128 128 128 128 128 128 128
128 128 128 128 128 128 128 128 128 128 128 128 128 128 128 128 128 128 128 128 128
128 128 128 128 128 128 128 128 128 128 128 128 128 128 128 128 128 128 128 128 128
128 128 128 128 128 128 128 128 128 128 128 128 128 128 128 128 128 128 128 128 128
128 128 128 128 128 128 128 128 128 128 128 128 128 128 128 128 128 128 128 128 128
128 128 128 128 128 128 128 128 128 128 128 128 128 128 128 128 128 128 128 128 128
128 128 128 128 128 128 128 128 128 128 128 128 128 128 128 128 128 128 128 128 128
128 128 128 128 128 128 128 128 128 128 128 128 128 128 128 128 128 128 128 128 170
128 128 128 128 128 128 128 128 128 128 128 128 128 128 128 128 128 128 128 170 85
128 128 128 128 128 128 128 128 128 128 128 128 128 128 128 128 128 128 170 85 170
128 128 128 128 128 128 128 128 128 128 128 128 128 128 128 128 128 170 85 170 85
128 128 128 128 128 128 128 128 128 128 128 128 128 128 128 128 170 85 170 85 170
128 128 128 128 128 128 128 128 128 128 128 128 128 170 128 170 85 170 85 170 85
128 128 128 128 128 128 128 128 128 128 128 128 170 85 170 85 170 85 170 85 170
128 128 128 128 128 128 128 128 128 128 128 170 85 170 85 170 85 170 85 170 85
128 128 128 128 128 128 128 128 128 128 170 85 170 85 170 85 170 85 170 85 170
128 128 128 128 128 128 128 128 128 170 85 170 85 170 85 170 85 170 85 170 85
128 128 128 128 128 128 170 128 170 85 170 85 170 85 170 85 170 85 170 85 170
128 128 128 128 128 170 85 170 85 170 85 170 85 170 85 170 85 170 85 170 85
128 128 128 128 170 85 170 85 170 85 170 85 170 85 170 85 170 85 170 85 170
128 128 128 170 85 170 85 170 85 170 85 170 85 170 85 170 85 170 85 170 85
128 128 170 85 170 85 170 85 170 85 170 85 170 85 170 85 170 85 170 85 170
128 170 85 170 85 170 85 170 85 170 85 170 85 170 85 170 85 170 85 170 85
170 85 170 85 170 85 170 85 170 85 170 85 170 85 170 85 170 85 170 85 170
85 170 85 170 85 170 85 170 85 170 85 170 85 170 85 170 85 170 85 170 85
170 85 170 85 170 85 170 85 170 85 170 85 170 85 170 85 170 85 170 85 170
85 170 85 170 85 170 85 170 85 170 85 170 85 170 85 170 85 170 85 170 85
170 85 170 85 170 85 170 85 170 85 170 85 170 85 170 85 170 85 170 85 170
85 170 85 170 85 170 85 170 85 170 85 170 85 170 85 170 85 170 85 170 85
170 85 170 85 170 85 170 85 170 85 170 85 170 85 170 85 170 85 170 85 170
85 170 85 170 85 170 85 170 85 170 85 170 85 170 85 170 85 170 85 170 85
170 85 170 85 170 85 170 85 170 85 170 85 170 85 170 85 170 85 170 85 170
