0 1 2 3 4 5 6 128 128 128 128 128 128 128 170 85 170 85 170 85 170
1 2 3 4 5 6 7 128 128 128 128 128 128 128 85 170 85 170 85 170 85
2 3 4 5 6 7 128 128 128 128 128 128 128 170 170 85 170 85 170 85 0
3 4 5 6 7 128 128 128 128 128 128 128 170 85 85 170 85 170 85 0 0
4 5 6 7 128 128 128 128 128 128 128 170 85 170 170 85 170 85 0 0 0
5 6 7 128 128 128 128 128 128 128 170 85 170 85 85 170 85 0 0 0 0
6 7 128 128 128 128 128 128 128 170 85 170 85 170 170 85 0 0 0 0 0
7 128 128 128 128 128 128 128 170 85 170 85 170 85 85 0 0 0 0 0 0
128 128 128 128 128 128 128 170 85 170 85 170 85 170 0 0 0 0 0 0 0
128 128 128 128 128 128 128 85 170 85 170 85 170 85 0 0 0 0 0 0 0
128 128 128 128 128 128 170 170 85 170 85 170 85 0 0 0 0 0 0 0 0
128 128 128 128 128 170 85 85 170 85 170 85 0 0 0 0 0 0 0 0 0
128 128 128 128 170 85 170 170 85 170 85 0 0 0 0 0 0 0 0 0 0
