0 0 0 0 0 0 0 0 0 0 0 1 2 3 13 14 15 16 17 18 19
0 0 0 0 0 0 0 0 0 0 1 2 3 4 14 15 16 17 18 19 20
0 0 0 0 0 0 0 0 0 1 2 3 4 5 15 16 17 18 19 20 21
0 0 0 0 0 0 0 0 1 2 3 4 5 6 16 17 18 19 20 21 22
0 0 0 0 0 0 0 1 2 3 4 5 6 7 17 18 19 20 21 22 23
0 0 0 0 0 0 0 2 3 4 5 6 7 8 18 19 20 21 22 23 24
0 0 0 0 0 0 0 3 4 5 6 7 8 9 19 20 21 22 23 24 25
0 0 0 0 0 0 0 4 5 6 7 8 9 10 20 21 22 23 24 25 26
0 0 0 0 0 0 0 5 6 7 8 9 10 11 21 22 23 24 25 26 27
0 0 0 0 0 0 0 6 7 8 9 10 11 12 22 23 24 25 26 27 28
0 0 0 0 0 0 0 7 8 9 10 11 12 13 23 24 25 26 27 28 29
0 0 0 0 0 0 0 8 9 10 11 12 13 14 24 25 26 27 28 29 30
0 0 0 0 0 0 0 9 10 11 12 13 14 15 25 26 27 28 29 30 31
0 0 0 0 0 0 0 10 11 12 13 14 15 16 26 27 28 29 30 31 32
0 0 0 0 0 0 0 11 12 13 14 15 16 17 27 28 29 30 31 32 33
0 0 0 0 0 0 0 12 13 14 15 16 17 18 28 29 30 31 32 33 34
0 0 0 0 1 2 3 13 14 15 16 17 18 19 29 30 31 32 33 34 35
0 0 0 1 2 3 4 14 15 16 17 18 19 20 30 31 32 33 34 35 36
0 0 1 2 3 4 5 15 16 17 18 19 20 21 31 32 33 34 35 36 37
0 1 2 3 4 5 6 16 17 18 19 20 21 22 32 33 34 35 36 37 38
1 2 3 4 5 6 7 17 18 19 20 21 22 23 33 34 35 36 37 38 39
2 3 4 5 6 7 8 18 19 20 21 22 23 24 34 35 36 37 38 39 40
3 4 5 6 7 8 9 19 20 21 22 23 24 25 35 36 37 38 39 40 41
4 5 6 7 8 9 10 20 21 22 23 24 25 26 36 37 38 39 40 41 42
5 6 7 8 9 10 11 21 22 23 24 25 26 27 37 38 39 40 41 42 43
6 7 8 9 10 11 12 22 23 24 25 26 27 28 38 39 40 41 42 43 44
7 8 9 10 11 12 13 23 24 25 26 27 28 29 39 40 41 42 43 44 45
8 9 10 11 12 13 14 24 25 26 27 28 29 30 40 41 42 43 44 45 46
9 10 11 12 13 14 15 25 26 27 28 29 30 31 41 42 43 44 45 46 47
10 11 12 13 14 15 16 26 27 28 29 30 31 32 42 43 44 45 46 47 48
11 12 13 14 15 16 17 27 28 29 30 31 32 33 43 44 45 46 47 48 49
12 13 14 15 16 17 18 28 29 30 31 32 33 34 44 45 46 47 48 49 50
13 14 15 16 17 18 19 29 30 31 32 33 34 35 45 46 47 48 49 50 51
14 15 16 17 18 19 20 30 31 32 33 34 35 36 46 47 48 49 50 51 52
15 16 17 18 19 20 21 31 32 33 34 35 36 37 47 48 49 50 51 52 53
16 17 18 19 20 21 22 32 33 34 35 36 37 38 48 49 50 51 52 53 54
17 18 19 20 21 22 23 33 34 35 36 37 38 39 49 50 51 52 53 54 55
18 19 20 21 22 23 24 34 35 36 37 38 39 40 50 51 52 53 54 55 56
19 20 21 22 23 24 25 35 36 37 38 39 40 41 51 52 53 54 55 56 57
20 21 22 23 24 25 26 36 37 38 39 40 41 42 52 53 54 55 56 57 58
21 22 23 24 25 26 27 37 38 39 40 41 42 43 53 54 55 56 57 58 59
22 23 24 25 26 27 28 38 39 40 41 42 43 44 54 55 56 57 58 59 60
23 24 25 26 27 28 29 39 40 41 42 43 44 45 55 56 57 58 59 60 61
24 25 26 27 28 29 30 40 41 42 43 44 45 46 56 57 58 59 60 61 62
25 26 27 28 29 30 31 41 42 43 44 45 46 47 57 58 59 60 61 62 63
26 27 28 29 30 31 32 42 43 44 45 46 47 48 58 59 60 61 62 63 0
27 28 29 30 31 32 33 43 44 45 46 47 48 49 59 60 61 62 63 0 0
28 29 30 31 32 33 34 44 45 46 47 48 49 50 60 61 62 63 0 0 0
29 30 31 32 33 34 35 45 46 47 48 49 50 51 0 0 0 0 0 0 0
30 31 32 33 34 35 36 46 47 48 49 50 51 52 0 0 0 0 0 0 0
31 32 33 34 35 36 37 47 48 49 50 51 52 53 0 0 0 0 0 0 0
32 33 34 35 36 37 38 48 49 50 51 52 53 54 0 0 0 0 0 0 0
33 34 35 36 37 38 39 49 50 51 52 53 54 55 0 0 0 0 0 0 0
34 35 36 37 38 39 40 50 51 52 53 54 55 56 0 0 0 0 0 0 0
35 36 37 38 39 40 41 51 52 53 54 55 56 57 0 0 0 0 0 0 0
36 37 38 39 40 41 42 52 53 54 55 56 57 58 0 0 0 0 0 0 0
37 38 39 40 41 42 43 53 54 55 56 57 58 59 0 0 0 0 0 0 0
38 39 40 41 42 43 44 54 55 56 57 58 59 60 0 0 0 0 0 0 0
39 40 41 42 43 44 45 55 56 57 58 59 60 61 0 0 0 0 0 0 0
40 41 42 43 44 45 46 56 57 58 59 60 61 62 0 0 0 0 0 0 0
41 42 43 44 45 46 47 57 58 59 60 61 62 63 0 0 0 0 0 0 0
42 43 44 45 46 47 48 58 59 60 61 62 63 0 0 0 0 0 0 0 0
43 44 45 46 47 48 49 59 60 61 62 63 0 0 0 0 0 0 0 0 0
44 45 46 47 48 49 50 60 61 62 63 0 0 0 0 0 0 0 0 0 0
0 0 0 0 0 0 0 0 0 0 128 128 128 128 128 128 128 128 128 128 128
0 0 0 0 0 0 0 0 0 128 128 128 128 128 128 128 128 128 128 128 128
0 0 0 0 0 0 0 0 128 128 128 128 128 128 128 128 128 128 128 128 128
0 0 0 0 0 0 0 128 128 128 128 128 128 128 128 128 128 128 128 128 128
0 0 0 0 0 0 0 128 128 128 128 128 128 128 128 128 128 128 128 128 128
0 0 0 0 0 0 0 128 128 128 128 128 128 128 128 128 128 128 128 128 128
0 0 0 0 0 0 0 128 128 128 128 128 128 128 128 128 128 128 128 128 128
0 0 0 0 0 0 0 128 128 128 128 128 128 128 128 128 128 128 128 128 128
0 0 0 0 0 0 0 128 128 128 128 128 128 128 128 128 128 128 128 128 128
0 0 0 0 0 0 0 128 128 128 128 128 128 128 128 128 128 128 128 128 128
0 0 0 0 0 0 0 128 128 128 128 128 128 128 128 128 128 128 128 128 128
0 0 0 0 0 0 0 128 128 128 128 128 128 128 128 128 128 128 128 128 128
0 0 0 0 0 0 0 128 128 128 128 128 128 128 128 128 128 128 128 128 128
0 0 0 0 0 0 0 128 128 128 128 128 128 128 128 128 128 128 128 128 128
0 0 0 0 0 0 0 128 128 128 128 128 128 128 128 128 128 128 128 128 128
0 0 0 0 0 0 0 128 128 128 128 128 128 128 128 128 128 128 128 128 128
0 0 0 128 128 128 128 128 128 128 128 128 128 128 128 128 128 128 128 128 128
0 0 128 128 128 128 128 128 128 128 128 128 128 128 128 128 128 128 128 128 128
0 128 128 128 128 128 128 128 128 128 128 128 128 128 128 128 128 128 128 128 128
128 128 128 128 128 128 128 128 128 128 128 128 128 128 128 128 128 128 128 128 128
128 128 128 128 128 128 128 128 128 128 128 128 128 128 128 128 128 128 128 128 128
128 128 128 128 128 128 128 128 128 128 128 128 128 128 128 128 128 128 128 128 128
128 128 128 128 128 128 128 128 128 128 128 128 128 128 128 128 128 128 128 128 128
128 128 128 128 128 128 128 128 128 128 128 128 128 128 128 128 128 128 128 128 128
128 128 128 128 128 128 128 128 128 128 128 128 128 128 128 128 128 128 128 128 128
128 128 128 128 128 128 128 128 128 128 128 128 128 128 128 128 128 128 128 128 128
128 128 128 128 128 128 128 128 128 128 128 128 128 128 128 128 128 128 128 128 128
128 128 128 128 128 128 128 128 128 128 128 128 128 128 128 128 128 128 128 128 128
128 128 128 128 128 128 128 128 128 128 128 128 128 128 128 128 128 128 128 128 128
128 128 128 128 128 128 128 128 128 128 128 128 128 128 128 128 128 128 128 128 128
128 128 128 128 128 128 128 128 128 128 128 128 128 128 128 128 128 128 128 128 128
128 128 128 128 128 128 128 128 128 128 128 128 128 128 128 128 128 128 128 128 128
128 128 128 128 128 128 128 128 128 128 128 128 128 128 128 128 128 128 128 128 128
128 128 128 128 128 128 128 128 128 128 128 128 128 128 128 128 128 128 128 128 128
128 128 128 128 128 128 128 128 128 128 128 128 128 128 128 128 128 128 128 128 128
128 128 128 128 128 128 128 128 128 128 128 128 128 128 128 128 128 128 128 128 128
128 128 128 128 128 128 128 128 128 128 128 128 128 128 128 128 128 128 128 128 128
128 128 128 128 128 128 128 128 128 128 128 128 128 128 128 128 128 128 128 128 128
128 128 128 128 128 128 128 128 128 128 128 128 128 128 128 128 128 128 128 128 128
128 128 128 128 128 128 128 128 128 128 128 128 128 128 128 128 128 128 128 128 128
128 128 128 128 128 128 128 128 128 128 128 128 128 128 128 128 128 128 128 128 128
128 128 128 128 128 128 128 128 128 128 128 128 128 128 128 128 128 128 128 128 128
128 128 128 128 128 128 128 128 128 128 128 128 128 128 128 128 128 128 128 128 128
128 128 128 128 128 128 128 128 128 128 128 128 128 128 128 128 128 128 128 128 128
128 128 128 128 128 128 128 128 128 128 128 128 128 128 128 128 128 128 128 128 128
128 128 128 128 128 128 128 128 128 128 128 128 128 128 128 128 128 128 128 128 0
128 128 128 128 128 128 128 128 128 128 128 128 128 128 128 128 128 128 128 0 0
128 128 128 128 128 128 128 128 128 128 128 128 128 128 128 128 128 128 0 0 0
128 128 128 128 128 128 128 128 128 128 128 128 128 128 0 0 0 0 0 0 0
128 128 128 128 128 128 128 128 128 128 128 128 128 128 0 0 0 0 0 0 0
128 128 128 128 128 128 128 128 128 128 128 128 128 128 0 0 0 0 0 0 0
128 128 128 128 128 128 128 128 128 128 128 128 128 128 0 0 0 0 0 0 0
128 128 128 128 128 128 128 128 128 128 128 128 128 128 0 0 0 0 0 0 0
128 128 128 128 128 128 128 128 128 128 128 128 128 128 0 0 0 0 0 0 0
128 128 128 128 128 128 128 128 128 128 128 128 128 128 0 0 0 0 0 0 0
128 128 128 128 128 128 128 128 128 128 128 128 128 128 0 0 0 0 0 0 0
128 128 128 128 128 128 128 128 128 128 128 128 128 128 0 0 0 0 0 0 0
128 128 128 128 128 128 128 128 128 128 128 128 128 128 0 0 0 0 0 0 0
128 128 128 128 128 128 128 128 128 128 128 128 128 128 0 0 0 0 0 0 0
128 128 128 128 128 128 128 128 128 128 128 128 128 128 0 0 0 0 0 0 0
128 128 128 128 128 128 128 128 128 128 128 128 128 128 0 0 0 0 0 0 0
128 128 128 128 128 128 128 128 128 128 128 128 128 0 0 0 0 0 0 0 0
128 128 128 128 128 128 128 128 128 128 128 128 0 0 0 0 0 0 0 0 0
128 128 128 128 128 128 128 128 128 128 128 0 0 0 0 0 0 0 0 0 0
0 0 0 0 0 0 0 0 0 0 170 85 170 85 85 170 85 85 170 85 170
0 0 0 0 0 0 0 0 0 170 85 170 85 170 170 85 85 170 85 170 85
0 0 0 0 0 0 0 0 170 85 170 85 170 85 85 85 170 85 170 85 170
0 0 0 0 0 0 0 170 85 170 85 170 85 170 85 170 85 170 85 170 85
0 0 0 0 0 0 0 85 170 85 170 85 170 85 170 85 170 85 170 85 170
0 0 0 0 0 0 0 170 85 170 85 170 85 170 85 170 85 170 85 170 85
0 0 0 0 0 0 0 85 170 85 170 85 170 85 170 85 170 85 170 85 170
0 0 0 0 0 0 0 170 85 170 85 170 85 170 85 170 85 170 85 170 85
0 0 0 0 0 0 0 85 170 85 170 85 170 85 170 85 170 85 170 85 170
0 0 0 0 0 0 0 170 85 170 85 170 85 170 85 170 85 170 85 170 85
0 0 0 0 0 0 0 85 170 85 170 85 170 85 170 85 170 85 170 85 170
0 0 0 0 0 0 0 170 85 170 85 170 85 170 85 170 85 170 85 170 85
0 0 0 0 0 0 0 85 170 85 170 85 170 85 170 85 170 85 170 85 170
0 0 0 0 0 0 0 170 85 170 85 170 85 85 85 170 85 170 85 170 170
0 0 0 0 0 0 0 85 170 85 170 85 85 170 170 85 170 85 170 170 85
0 0 0 0 0 0 0 170 85 170 85 85 170 85 85 170 85 170 170 85 170
0 0 0 170 85 170 85 85 170 85 85 170 85 170 170 85 170 170 85 170 85
0 0 170 85 170 85 170 170 85 85 170 85 170 85 85 170 170 85 170 85 170
0 170 85 170 85 170 85 85 85 170 85 170 85 170 170 170 85 170 85 170 85
170 85 170 85 170 85 170 85 170 85 170 85 170 85 170 85 170 85 170 85 170
85 170 85 170 85 170 85 170 85 170 85 170 85 170 85 170 85 170 85 170 85
170 85 170 85 170 85 170 85 170 85 170 85 170 85 170 85 170 85 170 85 170
85 170 85 170 85 170 85 170 85 170 85 170 85 170 85 170 85 170 85 170 85
170 85 170 85 170 85 170 85 170 85 170 85 170 85 170 85 170 85 170 85 170
85 170 85 170 85 170 85 170 85 170 85 170 85 170 85 170 85 170 85 170 85
170 85 170 85 170 85 170 85 170 85 170 85 170 85 170 85 170 85 170 85 170
85 170 85 170 85 170 85 170 85 170 85 170 85 170 85 170 85 170 85 170 85
170 85 170 85 170 85 170 85 170 85 170 85 170 85 170 85 170 85 170 85 170
85 170 85 170 85 170 85 170 85 170 85 170 85 170 85 170 85 170 85 170 85
170 85 170 85 170 85 85 85 170 85 170 85 170 170 170 85 170 85 170 85 85
85 170 85 170 85 85 170 170 85 170 85 170 170 85 85 170 85 170 85 85 170
170 85 170 85 85 170 85 85 170 85 170 170 85 170 170 85 170 85 85 170 85
85 170 85 85 170 85 170 170 85 170 170 85 170 85 85 170 85 85 170 85 170
170 85 85 170 85 170 85 85 170 170 85 170 85 170 170 85 85 170 85 170 85
85 85 170 85 170 85 170 170 170 85 170 85 170 85 85 85 170 85 170 85 170
85 170 85 170 85 170 85 170 85 170 85 170 85 170 85 170 85 170 85 170 85
170 85 170 85 170 85 170 85 170 85 170 85 170 85 170 85 170 85 170 85 170
85 170 85 170 85 170 85 170 85 170 85 170 85 170 85 170 85 170 85 170 85
170 85 170 85 170 85 170 85 170 85 170 85 170 85 170 85 170 85 170 85 170
85 170 85 170 85 170 85 170 85 170 85 170 85 170 85 170 85 170 85 170 85
170 85 170 85 170 85 170 85 170 85 170 85 170 85 170 85 170 85 170 85 170
85 170 85 170 85 170 85 170 85 170 85 170 85 170 85 170 85 170 85 170 85
170 85 170 85 170 85 170 85 170 85 170 85 170 85 170 85 170 85 170 85 170
85 170 85 170 85 170 85 170 85 170 85 170 85 170 85 170 85 170 85 170 85
170 85 170 85 170 85 170 85 170 85 170 85 170 85 170 85 170 85 170 85 170
85 170 85 170 85 170 170 170 85 170 85 170 85 85 85 170 85 170 85 170 0
170 85 170 85 170 170 85 85 170 85 170 85 85 170 170 85 170 85 170 0 0
85 170 85 170 170 85 170 170 85 170 85 85 170 85 85 170 85 170 0 0 0
170 85 170 170 85 170 85 85 170 85 85 170 85 170 0 0 0 0 0 0 0
85 170 170 85 170 85 170 170 85 85 170 85 170 85 0 0 0 0 0 0 0
170 170 85 170 85 170 85 85 85 170 85 170 85 170 0 0 0 0 0 0 0
170 85 170 85 170 85 170 85 170 85 170 85 170 85 0 0 0 0 0 0 0
85 170 85 170 85 170 85 170 85 170 85 170 85 170 0 0 0 0 0 0 0
170 85 170 85 170 85 170 85 170 85 170 85 170 85 0 0 0 0 0 0 0
85 170 85 170 85 170 85 170 85 170 85 170 85 170 0 0 0 0 0 0 0
170 85 170 85 170 85 170 85 170 85 170 85 170 85 0 0 0 0 0 0 0
85 170 85 170 85 170 85 170 85 170 85 170 85 170 0 0 0 0 0 0 0
170 85 170 85 170 85 170 85 170 85 170 85 170 85 0 0 0 0 0 0 0
85 170 85 170 85 170 85 170 85 170 85 170 85 170 0 0 0 0 0 0 0
170 85 170 85 170 85 170 85 170 85 170 85 170 85 0 0 0 0 0 0 0
85 170 85 170 85 170 85 170 85 170 85 170 85 170 0 0 0 0 0 0 0
170 85 170 85 170 85 85 85 170 85 170 85 170 0 0 0 0 0 0 0 0
85 170 85 170 85 85 170 170 85 170 85 170 0 0 0 0 0 0 0 0 0
170 85 170 85 85 170 85 85 170 85 170 0 0 0 0 0 0 0 0 0 0
