0 0 0 0 0 0 0 0 1 0 16 17 0 32 33
0 0 0 0 0 0 0 1 2 16 17 18 32 33 34
0 0 0 0 0 0 1 2 3 17 18 19 33 34 35
0 0 0 0 0 0 2 3 4 18 19 20 34 35 36
0 0 0 0 0 0 3 4 5 19 20 21 35 36 37
0 0 0 0 0 0 4 5 6 20 21 22 36 37 38
0 0 0 0 0 0 5 6 7 21 22 23 37 38 39
0 0 0 0 0 0 6 7 8 22 23 24 38 39 40
0 0 0 0 0 0 7 8 9 23 24 25 39 40 41
0 0 0 0 0 0 8 9 10 24 25 26 40 41 42
0 0 0 0 0 0 9 10 11 25 26 27 41 42 43
0 0 0 0 0 0 10 11 12 26 27 28 42 43 44
0 0 0 0 0 0 11 12 13 27 28 29 43 44 45
0 0 0 0 0 0 12 13 14 28 29 30 44 45 46
0 0 0 0 0 0 13 14 15 29 30 31 45 46 47
0 0 0 0 0 0 14 15 0 30 31 0 46 47 0
0 0 0 0 0 1 0 16 17 0 32 33 0 48 49
0 0 0 0 1 2 16 17 18 32 33 34 48 49 50
0 0 0 1 2 3 17 18 19 33 34 35 49 50 51
0 0 0 2 3 4 18 19 20 34 35 36 50 51 52
0 0 0 3 4 5 19 20 21 35 36 37 51 52 53
0 0 0 4 5 6 20 21 22 36 37 38 52 53 54
0 0 0 5 6 7 21 22 23 37 38 39 53 54 55
0 0 0 6 7 8 22 23 24 38 39 40 54 55 56
0 0 0 7 8 9 23 24 25 39 40 41 55 56 57
0 0 0 8 9 10 24 25 26 40 41 42 56 57 58
0 0 0 9 10 11 25 26 27 41 42 43 57 58 59
0 0 0 10 11 12 26 27 28 42 43 44 58 59 60
0 0 0 11 12 13 27 28 29 43 44 45 59 60 61
0 0 0 12 13 14 28 29 30 44 45 46 60 61 62
0 0 0 13 14 15 29 30 31 45 46 47 61 62 63
0 0 0 14 15 0 30 31 0 46 47 0 62 63 0
0 0 1 0 16 17 0 32 33 0 48 49 0 0 0
0 1 2 16 17 18 32 33 34 48 49 50 0 0 0
1 2 3 17 18 19 33 34 35 49 50 51 0 0 0
2 3 4 18 19 20 34 35 36 50 51 52 0 0 0
3 4 5 19 20 21 35 36 37 51 52 53 0 0 0
4 5 6 20 21 22 36 37 38 52 53 54 0 0 0
5 6 7 21 22 23 37 38 39 53 54 55 0 0 0
6 7 8 22 23 24 38 39 40 54 55 56 0 0 0
7 8 9 23 24 25 39 40 41 55 56 57 0 0 0
8 9 10 24 25 26 40 41 42 56 57 58 0 0 0
9 10 11 25 26 27 41 42 43 57 58 59 0 0 0
10 11 12 26 27 28 42 43 44 58 59 60 0 0 0
11 12 13 27 28 29 43 44 45 59 60 61 0 0 0
12 13 14 28 29 30 44 45 46 60 61 62 0 0 0
13 14 15 29 30 31 45 46 47 61 62 63 0 0 0
14 15 0 30 31 0 46 47 0 62 63 0 0 0 0
0 16 17 0 32 33 0 48 49 0 0 0 0 0 0
16 17 18 32 33 34 48 49 50 0 0 0 0 0 0
17 18 19 33 34 35 49 50 51 0 0 0 0 0 0
18 19 20 34 35 36 50 51 52 0 0 0 0 0 0
19 20 21 35 36 37 51 52 53 0 0 0 0 0 0
20 21 22 36 37 38 52 53 54 0 0 0 0 0 0
21 22 23 37 38 39 53 54 55 0 0 0 0 0 0
22 23 24 38 39 40 54 55 56 0 0 0 0 0 0
23 24 25 39 40 41 55 56 57 0 0 0 0 0 0
24 25 26 40 41 42 56 57 58 0 0 0 0 0 0
25 26 27 41 42 43 57 58 59 0 0 0 0 0 0
26 27 28 42 43 44 58 59 60 0 0 0 0 0 0
27 28 29 43 44 45 59 60 61 0 0 0 0 0 0
28 29 30 44 45 46 60 61 62 0 0 0 0 0 0
29 30 31 45 46 47 61 62 63 0 0 0 0 0 0
30 31 0 46 47 0 62 63 0 0 0 0 0 0 0
0 0 0 0 0 0 0 128 128 0 128 128 0 128 128
0 0 0 0 0 0 128 128 128 128 128 128 128 128 128
0 0 0 0 0 0 128 128 128 128 128 128 128 128 128
0 0 0 0 0 0 128 128 128 128 128 128 128 128 128
0 0 0 0 0 0 128 128 128 128 128 128 128 128 128
0 0 0 0 0 0 128 128 128 128 128 128 128 128 128
0 0 0 0 0 0 128 128 128 128 128 128 128 128 128
0 0 0 0 0 0 128 128 128 128 128 128 128 128 128
0 0 0 0 0 0 128 128 128 128 128 128 128 128 128
0 0 0 0 0 0 128 128 128 128 128 128 128 128 128
0 0 0 0 0 0 128 128 128 128 128 128 128 128 128
0 0 0 0 0 0 128 128 128 128 128 128 128 128 128
0 0 0 0 0 0 128 128 128 128 128 128 128 128 128
0 0 0 0 0 0 128 128 128 128 128 128 128 128 128
0 0 0 0 0 0 128 128 128 128 128 128 128 128 128
0 0 0 0 0 0 128 128 0 128 128 0 128 128 0
0 0 0 0 128 128 0 128 128 0 128 128 0 128 128
0 0 0 128 128 128 128 128 128 128 128 128 128 128 128
0 0 0 128 128 128 128 128 128 128 128 128 128 128 128
0 0 0 128 128 128 128 128 128 128 128 128 128 128 128
0 0 0 128 128 128 128 128 128 128 128 128 128 128 128
0 0 0 128 128 128 128 128 128 128 128 128 128 128 128
0 0 0 128 128 128 128 128 128 128 128 128 128 128 128
0 0 0 128 128 128 128 128 128 128 128 128 128 128 128
0 0 0 128 128 128 128 128 128 128 128 128 128 128 128
0 0 0 128 128 128 128 128 128 128 128 128 128 128 128
0 0 0 128 128 128 128 128 128 128 128 128 128 128 128
0 0 0 128 128 128 128 128 128 128 128 128 128 128 128
0 0 0 128 128 128 128 128 128 128 128 128 128 128 128
0 0 0 128 128 128 128 128 128 128 128 128 128 128 128
0 0 0 128 128 128 128 128 128 128 128 128 128 128 128
0 0 0 128 128 0 128 128 0 128 128 0 128 128 0
0 128 128 0 128 128 0 128 128 0 128 128 0 0 0
128 128 128 128 128 128 128 128 128 128 128 128 0 0 0
128 128 128 128 128 128 128 128 128 128 128 128 0 0 0
128 128 128 128 128 128 128 128 128 128 128 128 0 0 0
128 128 128 128 128 128 128 128 128 128 128 128 0 0 0
128 128 128 128 128 128 128 128 128 128 128 128 0 0 0
128 128 128 128 128 128 128 128 128 128 128 128 0 0 0
128 128 128 128 128 128 128 128 128 128 128 128 0 0 0
128 128 128 128 128 128 128 128 128 128 128 128 0 0 0
128 128 128 128 128 128 128 128 128 128 128 128 0 0 0
128 128 128 128 128 128 128 128 128 128 128 128 0 0 0
128 128 128 128 128 128 128 128 128 128 128 128 0 0 0
128 128 128 128 128 128 128 128 128 128 128 128 0 0 0
128 128 128 128 128 128 128 128 128 128 128 128 0 0 0
128 128 128 128 128 128 128 128 128 128 128 128 0 0 0
128 128 0 128 128 0 128 128 0 128 128 0 0 0 0
0 128 128 0 128 128 0 128 128 0 0 0 0 0 0
128 128 128 128 128 128 128 128 128 0 0 0 0 0 0
128 128 128 128 128 128 128 128 128 0 0 0 0 0 0
128 128 128 128 128 128 128 128 128 0 0 0 0 0 0
128 128 128 128 128 128 128 128 128 0 0 0 0 0 0
128 128 128 128 128 128 128 128 128 0 0 0 0 0 0
128 128 128 128 128 128 128 128 128 0 0 0 0 0 0
128 128 128 128 128 128 128 128 128 0 0 0 0 0 0
128 128 128 128 128 128 128 128 128 0 0 0 0 0 0
128 128 128 128 128 128 128 128 128 0 0 0 0 0 0
128 128 128 128 128 128 128 128 128 0 0 0 0 0 0
128 128 128 128 128 128 128 128 128 0 0 0 0 0 0
128 128 128 128 128 128 128 128 128 0 0 0 0 0 0
128 128 128 128 128 128 128 128 128 0 0 0 0 0 0
128 128 128 128 128 128 128 128 128 0 0 0 0 0 0
128 128 0 128 128 0 128 128 0 0 0 0 0 0 0
0 0 0 0 0 0 0 170 85 0 85 170 0 170 85
0 0 0 0 0 0 170 85 170 85 170 85 170 85 170
0 0 0 0 0 0 85 170 85 170 85 170 85 170 85
0 0 0 0 0 0 170 85 170 85 170 85 170 85 170
0 0 0 0 0 0 85 170 85 170 85 170 85 170 85
0 0 0 0 0 0 170 85 170 85 170 85 170 85 170
0 0 0 0 0 0 85 170 85 170 85 170 85 170 85
0 0 0 0 0 0 170 85 170 85 170 85 170 85 170
0 0 0 0 0 0 85 170 85 170 85 170 85 170 85
0 0 0 0 0 0 170 85 170 85 170 85 170 85 170
0 0 0 0 0 0 85 170 85 170 85 170 85 170 85
0 0 0 0 0 0 170 85 170 85 170 85 170 85 170
0 0 0 0 0 0 85 170 85 170 85 170 85 170 85
0 0 0 0 0 0 170 85 170 85 170 85 170 85 170
0 0 0 0 0 0 85 170 85 170 85 170 85 170 85
0 0 0 0 0 0 170 85 0 85 170 0 170 85 0
0 0 0 0 170 85 0 85 170 0 170 85 0 85 170
0 0 0 170 85 170 85 170 85 170 85 170 85 170 85
0 0 0 85 170 85 170 85 170 85 170 85 170 85 170
0 0 0 170 85 170 85 170 85 170 85 170 85 170 85
0 0 0 85 170 85 170 85 170 85 170 85 170 85 170
0 0 0 170 85 170 85 170 85 170 85 170 85 170 85
0 0 0 85 170 85 170 85 170 85 170 85 170 85 170
0 0 0 170 85 170 85 170 85 170 85 170 85 170 85
0 0 0 85 170 85 170 85 170 85 170 85 170 85 170
0 0 0 170 85 170 85 170 85 170 85 170 85 170 85
0 0 0 85 170 85 170 85 170 85 170 85 170 85 170
0 0 0 170 85 170 85 170 85 170 85 170 85 170 85
0 0 0 85 170 85 170 85 170 85 170 85 170 85 170
0 0 0 170 85 170 85 170 85 170 85 170 85 170 85
0 0 0 85 170 85 170 85 170 85 170 85 170 85 170
0 0 0 170 85 0 85 170 0 170 85 0 85 170 0
0 170 85 0 85 170 0 170 85 0 85 170 0 0 0
170 85 170 85 170 85 170 85 170 85 170 85 0 0 0
85 170 85 170 85 170 85 170 85 170 85 170 0 0 0
170 85 170 85 170 85 170 85 170 85 170 85 0 0 0
85 170 85 170 85 170 85 170 85 170 85 170 0 0 0
170 85 170 85 170 85 170 85 170 85 170 85 0 0 0
85 170 85 170 85 170 85 170 85 170 85 170 0 0 0
170 85 170 85 170 85 170 85 170 85 170 85 0 0 0
85 170 85 170 85 170 85 170 85 170 85 170 0 0 0
170 85 170 85 170 85 170 85 170 85 170 85 0 0 0
85 170 85 170 85 170 85 170 85 170 85 170 0 0 0
170 85 170 85 170 85 170 85 170 85 170 85 0 0 0
85 170 85 170 85 170 85 170 85 170 85 170 0 0 0
170 85 170 85 170 85 170 85 170 85 170 85 0 0 0
85 170 85 170 85 170 85 170 85 170 85 170 0 0 0
170 85 0 85 170 0 170 85 0 85 170 0 0 0 0
0 85 170 0 170 85 0 85 170 0 0 0 0 0 0
85 170 85 170 85 170 85 170 85 0 0 0 0 0 0
170 85 170 85 170 85 170 85 170 0 0 0 0 0 0
85 170 85 170 85 170 85 170 85 0 0 0 0 0 0
170 85 170 85 170 85 170 85 170 0 0 0 0 0 0
85 170 85 170 85 170 85 170 85 0 0 0 0 0 0
170 85 170 85 170 85 170 85 170 0 0 0 0 0 0
85 170 85 170 85 170 85 170 85 0 0 0 0 0 0
170 85 170 85 170 85 170 85 170 0 0 0 0 0 0
85 170 85 170 85 170 85 170 85 0 0 0 0 0 0
170 85 170 85 170 85 170 85 170 0 0 0 0 0 0
85 170 85 170 85 170 85 170 85 0 0 0 0 0 0
170 85 170 85 170 85 170 85 170 0 0 0 0 0 0
85 170 85 170 85 170 85 170 85 0 0 0 0 0 0
170 85 170 85 170 85 170 85 170 0 0 0 0 0 0
85 170 0 170 85 0 85 170 0 0 0 0 0 0 0
