0 0 0 0 0 0 0 0 1 3 4 5 7 8 9
0 0 0 0 0 0 0 1 2 4 5 6 8 9 10
0 0 0 0 0 0 1 2 3 5 6 7 9 10 11
0 0 0 0 0 0 2 3 4 6 7 8 10 11 12
0 0 0 0 0 1 3 4 5 7 8 9 11 12 13
0 0 0 0 1 2 4 5 6 8 9 10 12 13 14
0 0 0 1 2 3 5 6 7 9 10 11 13 14 15
0 0 0 2 3 4 6 7 8 10 11 12 14 15 16
0 0 1 3 4 5 7 8 9 11 12 13 15 16 17
0 1 2 4 5 6 8 9 10 12 13 14 16 17 18
1 2 3 5 6 7 9 10 11 13 14 15 17 18 19
2 3 4 6 7 8 10 11 12 14 15 16 18 19 20
3 4 5 7 8 9 11 12 13 15 16 17 19 20 21
4 5 6 8 9 10 12 13 14 16 17 18 20 21 22
5 6 7 9 10 11 13 14 15 17 18 19 21 22 23
6 7 8 10 11 12 14 15 16 18 19 20 22 23 24
7 8 9 11 12 13 15 16 17 19 20 21 23 24 25
8 9 10 12 13 14 16 17 18 20 21 22 24 25 26
9 10 11 13 14 15 17 18 19 21 22 23 25 26 27
10 11 12 14 15 16 18 19 20 22 23 24 26 27 28
11 12 13 15 16 17 19 20 21 23 24 25 27 28 29
12 13 14 16 17 18 20 21 22 24 25 26 28 29 30
13 14 15 17 18 19 21 22 23 25 26 27 29 30 31
14 15 16 18 19 20 22 23 24 26 27 28 30 31 32
15 16 17 19 20 21 23 24 25 27 28 29 31 32 33
16 17 18 20 21 22 24 25 26 28 29 30 32 33 34
17 18 19 21 22 23 25 26 27 29 30 31 33 34 35
18 19 20 22 23 24 26 27 28 30 31 32 34 35 36
19 20 21 23 24 25 27 28 29 31 32 33 35 36 37
20 21 22 24 25 26 28 29 30 32 33 34 36 37 38
21 22 23 25 26 27 29 30 31 33 34 35 37 38 39
22 23 24 26 27 28 30 31 32 34 35 36 38 39 40
23 24 25 27 28 29 31 32 33 35 36 37 39 40 41
24 25 26 28 29 30 32 33 34 36 37 38 40 41 42
25 26 27 29 30 31 33 34 35 37 38 39 41 42 43
26 27 28 30 31 32 34 35 36 38 39 40 42 43 44
27 28 29 31 32 33 35 36 37 39 40 41 43 44 45
28 29 30 32 33 34 36 37 38 40 41 42 44 45 46
29 30 31 33 34 35 37 38 39 41 42 43 45 46 47
30 31 32 34 35 36 38 39 40 42 43 44 46 47 48
31 32 33 35 36 37 39 40 41 43 44 45 47 48 49
32 33 34 36 37 38 40 41 42 44 45 46 48 49 50
33 34 35 37 38 39 41 42 43 45 46 47 49 50 51
34 35 36 38 39 40 42 43 44 46 47 48 50 51 52
35 36 37 39 40 41 43 44 45 47 48 49 51 52 53
36 37 38 40 41 42 44 45 46 48 49 50 52 53 54
37 38 39 41 42 43 45 46 47 49 50 51 53 54 55
38 39 40 42 43 44 46 47 48 50 51 52 54 55 56
39 40 41 43 44 45 47 48 49 51 52 53 55 56 57
40 41 42 44 45 46 48 49 50 52 53 54 56 57 58
41 42 43 45 46 47 49 50 51 53 54 55 57 58 59
42 43 44 46 47 48 50 51 52 54 55 56 58 59 60
43 44 45 47 48 49 51 52 53 55 56 57 59 60 61
44 45 46 48 49 50 52 53 54 56 57 58 60 61 62
45 46 47 49 50 51 53 54 55 57 58 59 61 62 63
46 47 48 50 51 52 54 55 56 58 59 60 62 63 128
47 48 49 51 52 53 55 56 57 59 60 61 63 128 128
48 49 50 52 53 54 56 57 58 60 61 62 128 128 128
49 50 51 53 54 55 57 58 59 61 62 63 128 128 128
50 51 52 54 55 56 58 59 60 62 63 128 128 128 128
51 52 53 55 56 57 59 60 61 63 128 128 128 128 128
52 53 54 56 57 58 60 61 62 128 128 128 128 128 128
53 54 55 57 58 59 61 62 63 128 128 128 128 128 128
54 55 56 58 59 60 62 63 128 128 128 128 128 128 128
55 56 57 59 60 61 63 128 128 128 128 128 128 128 128
56 57 58 60 61 62 128 128 128 128 128 128 128 128 128
57 58 59 61 62 63 128 128 128 128 128 128 128 128 128
58 59 60 62 63 128 128 128 128 128 128 128 128 128 128
59 60 61 63 128 128 128 128 128 128 128 128 128 128 128
60 61 62 128 128 128 128 128 128 128 128 128 128 128 128
61 62 63 128 128 128 128 128 128 128 128 128 128 128 128
62 63 128 128 128 128 128 128 128 128 128 128 128 128 128
63 128 128 128 128 128 128 128 128 128 128 128 128 128 128
128 128 128 128 128 128 128 128 128 128 128 128 128 128 128
128 128 128 128 128 128 128 128 128 128 128 128 128 128 128
128 128 128 128 128 128 128 128 128 128 128 128 128 128 128
128 128 128 128 128 128 128 128 128 128 128 128 128 128 128
128 128 128 128 128 128 128 128 128 128 128 128 128 128 128
128 128 128 128 128 128 128 128 128 128 128 128 128 128 128
128 128 128 128 128 128 128 128 128 128 128 128 128 128 128
128 128 128 128 128 128 128 128 128 128 128 128 128 128 128
128 128 128 128 128 128 128 128 128 128 128 128 128 128 128
128 128 128 128 128 128 128 128 128 128 128 128 128 128 128
128 128 128 128 128 128 128 128 128 128 128 128 128 128 128
128 128 128 128 128 128 128 128 128 128 128 128 128 128 128
128 128 128 128 128 128 128 128 128 128 128 128 128 128 128
128 128 128 128 128 128 128 128 128 128 128 128 128 128 128
128 128 128 128 128 128 128 128 128 128 128 128 128 128 128
128 128 128 128 128 128 128 128 128 128 128 128 128 128 128
128 128 128 128 128 128 128 128 128 128 128 128 128 128 128
128 128 128 128 128 128 128 128 128 128 128 128 128 128 128
128 128 128 128 128 128 128 128 128 128 128 128 128 128 128
128 128 128 128 128 128 128 128 128 128 128 128 128 128 128
128 128 128 128 128 128 128 128 128 128 128 128 128 128 128
128 128 128 128 128 128 128 128 128 128 128 128 128 128 128
128 128 128 128 128 128 128 128 128 128 128 128 128 128 128
128 128 128 128 128 128 128 128 128 128 128 128 128 128 128
128 128 128 128 128 128 128 128 128 128 128 128 128 128 128
128 128 128 128 128 128 128 128 128 128 128 128 128 128 128
128 128 128 128 128 128 128 128 128 128 128 128 128 128 128
128 128 128 128 128 128 128 128 128 128 128 128 128 128 128
128 128 128 128 128 128 128 128 128 128 128 128 128 128 128
128 128 128 128 128 128 128 128 128 128 128 128 128 128 128
128 128 128 128 128 128 128 128 128 128 128 128 128 128 128
128 128 128 128 128 128 128 128 128 128 128 128 128 128 128
128 128 128 128 128 128 128 128 128 128 128 128 128 128 128
128 128 128 128 128 128 128 128 128 128 128 128 128 128 128
128 128 128 128 128 128 128 128 128 128 128 128 128 128 128
128 128 128 128 128 128 128 128 128 128 128 128 128 128 128
128 128 128 128 128 128 128 128 128 128 128 128 128 128 128
128 128 128 128 128 128 128 128 128 128 128 128 128 128 128
128 128 128 128 128 128 128 128 128 128 128 128 128 128 128
128 128 128 128 128 128 128 128 128 128 128 128 128 128 128
128 128 128 128 128 128 128 128 128 128 128 128 128 128 128
128 128 128 128 128 128 128 128 128 128 128 128 128 128 128
128 128 128 128 128 128 128 128 128 128 128 128 128 128 128
128 128 128 128 128 128 128 128 128 128 128 128 128 128 128
128 128 128 128 128 128 128 128 128 128 128 128 128 128 128
128 128 128 128 128 128 128 128 128 128 128 128 128 128 128
128 128 128 128 128 128 128 128 128 128 128 128 128 128 170
128 128 128 128 128 128 128 128 128 128 128 128 128 170 85
128 128 128 128 128 128 128 128 128 128 128 128 170 85 170
128 128 128 128 128 128 128 128 128 128 128 128 85 170 85
128 128 128 128 128 128 128 128 128 128 128 170 170 85 85
128 128 128 128 128 128 128 128 128 128 170 85 85 85 170
128 128 128 128 128 128 128 128 128 170 85 170 85 170 85
128 128 128 128 128 128 128 128 128 85 170 85 170 85 170
128 128 128 128 128 128 128 128 170 170 85 85 85 170 170
128 128 128 128 128 128 128 170 85 85 85 170 170 170 85
128 128 128 128 128 128 170 85 170 85 170 85 170 85 170
128 128 128 128 128 128 85 170 85 170 85 170 85 170 85
128 128 128 128 128 170 170 85 85 85 170 170 170 85 85
128 128 128 128 170 85 85 85 170 170 170 85 85 85 170
128 128 128 170 85 170 85 170 85 170 85 170 85 170 85
128 128 128 85 170 85 170 85 170 85 170 85 170 85 170
128 128 170 170 85 85 85 170 170 170 85 85 85 170 170
128 170 85 85 85 170 170 170 85 85 85 170 170 170 85
170 85 170 85 170 85 170 85 170 85 170 85 170 85 170
85 170 85 170 85 170 85 170 85 170 85 170 85 170 85
170 85 85 85 170 170 170 85 85 85 170 170 170 85 85
85 85 170 170 170 85 85 85 170 170 170 85 85 85 170
85 170 85 170 85 170 85 170 85 170 85 170 85 170 85
170 85 170 85 170 85 170 85 170 85 170 85 170 85 170
85 170 170 170 85 85 85 170 170 170 85 85 85 170 170
170 170 85 85 85 170 170 170 85 85 85 170 170 170 85
170 85 170 85 170 85 170 85 170 85 170 85 170 85 170
85 170 85 170 85 170 85 170 85 170 85 170 85 170 85
170 85 85 85 170 170 170 85 85 85 170 170 170 85 85
85 85 170 170 170 85 85 85 170 170 170 85 85 85 170
85 170 85 170 85 170 85 170 85 170 85 170 85 170 85
170 85 170 85 170 85 170 85 170 85 170 85 170 85 170
85 170 170 170 85 85 85 170 170 170 85 85 85 170 170
170 170 85 85 85 170 170 170 85 85 85 170 170 170 85
170 85 170 85 170 85 170 85 170 85 170 85 170 85 170
85 170 85 170 85 170 85 170 85 170 85 170 85 170 85
170 85 85 85 170 170 170 85 85 85 170 170 170 85 85
85 85 170 170 170 85 85 85 170 170 170 85 85 85 170
85 170 85 170 85 170 85 170 85 170 85 170 85 170 85
170 85 170 85 170 85 170 85 170 85 170 85 170 85 170
85 170 170 170 85 85 85 170 170 170 85 85 85 170 170
170 170 85 85 85 170 170 170 85 85 85 170 170 170 85
170 85 170 85 170 85 170 85 170 85 170 85 170 85 170
85 170 85 170 85 170 85 170 85 170 85 170 85 170 85
170 85 85 85 170 170 170 85 85 85 170 170 170 85 85
85 85 170 170 170 85 85 85 170 170 170 85 85 85 170
85 170 85 170 85 170 85 170 85 170 85 170 85 170 85
170 85 170 85 170 85 170 85 170 85 170 85 170 85 170
85 170 170 170 85 85 85 170 170 170 85 85 85 170 170
170 170 85 85 85 170 170 170 85 85 85 170 170 170 85
170 85 170 85 170 85 170 85 170 85 170 85 170 85 170
85 170 85 170 85 170 85 170 85 170 85 170 85 170 85
170 85 85 85 170 170 170 85 85 85 170 170 170 85 85
85 85 170 170 170 85 85 85 170 170 170 85 85 85 170
85 170 85 170 85 170 85 170 85 170 85 170 85 170 85
170 85 170 85 170 85 170 85 170 85 170 85 170 85 170
85 170 170 170 85 85 85 170 170 170 85 85 85 170 170
170 170 85 85 85 170 170 170 85 85 85 170 170 170 85
170 85 170 85 170 85 170 85 170 85 170 85 170 85 170
85 170 85 170 85 170 85 170 85 170 85 170 85 170 85
170 85 85 85 170 170 170 85 85 85 170 170 170 85 85
85 85 170 170 170 85 85 85 170 170 170 85 85 85 170
85 170 85 170 85 170 85 170 85 170 85 170 85 170 85
170 85 170 85 170 85 170 85 170 85 170 85 170 85 170
85 170 170 170 85 85 85 170 170 170 85 85 85 170 0
