0 0 0 0 0 0 0 0 0 0 0 0 0 1 2 0 0 4 5 6 0 0 8 9 10
0 0 0 0 0 0 0 0 0 0 0 0 1 2 3 0 4 5 6 7 0 8 9 10 11
0 0 0 0 0 0 0 0 0 0 0 1 2 3 0 4 5 6 7 0 8 9 10 11 0
0 0 0 0 0 0 0 0 0 0 1 2 3 0 0 5 6 7 0 0 9 10 11 0 0
0 0 0 0 0 0 0 0 1 2 0 0 4 5 6 0 0 8 9 10 0 0 12 13 14
0 0 0 0 0 0 0 1 2 3 0 4 5 6 7 0 8 9 10 11 0 12 13 14 15
0 0 0 0 0 0 1 2 3 0 4 5 6 7 0 8 9 10 11 0 12 13 14 15 0
0 0 0 0 0 1 2 3 0 0 5 6 7 0 0 9 10 11 0 0 13 14 15 0 0
0 0 0 1 2 0 0 4 5 6 0 0 8 9 10 0 0 12 13 14 0 0 16 17 18
0 0 1 2 3 0 4 5 6 7 0 8 9 10 11 0 12 13 14 15 0 16 17 18 19
0 1 2 3 0 4 5 6 7 0 8 9 10 11 0 12 13 14 15 0 16 17 18 19 0
1 2 3 0 0 5 6 7 0 0 9 10 11 0 0 13 14 15 0 0 17 18 19 0 0
0 0 4 5 6 0 0 8 9 10 0 0 12 13 14 0 0 16 17 18 0 0 20 21 22
0 4 5 6 7 0 8 9 10 11 0 12 13 14 15 0 16 17 18 19 0 20 21 22 23
4 5 6 7 0 8 9 10 11 0 12 13 14 15 0 16 17 18 19 0 20 21 22 23 0
5 6 7 0 0 9 10 11 0 0 13 14 15 0 0 17 18 19 0 0 21 22 23 0 0
0 0 8 9 10 0 0 12 13 14 0 0 16 17 18 0 0 20 21 22 0 0 24 25 26
0 8 9 10 11 0 12 13 14 15 0 16 17 18 19 0 20 21 22 23 0 24 25 26 27
8 9 10 11 0 12 13 14 15 0 16 17 18 19 0 20 21 22 23 0 24 25 26 27 0
9 10 11 0 0 13 14 15 0 0 17 18 19 0 0 21 22 23 0 0 25 26 27 0 0
0 0 12 13 14 0 0 16 17 18 0 0 20 21 22 0 0 24 25 26 0 0 28 29 30
0 12 13 14 15 0 16 17 18 19 0 20 21 22 23 0 24 25 26 27 0 28 29 30 31
12 13 14 15 0 16 17 18 19 0 20 21 22 23 0 24 25 26 27 0 28 29 30 31 0
13 14 15 0 0 17 18 19 0 0 21 22 23 0 0 25 26 27 0 0 29 30 31 0 0
0 0 16 17 18 0 0 20 21 22 0 0 24 25 26 0 0 28 29 30 0 0 32 33 34
0 16 17 18 19 0 20 21 22 23 0 24 25 26 27 0 28 29 30 31 0 32 33 34 35
16 17 18 19 0 20 21 22 23 0 24 25 26 27 0 28 29 30 31 0 32 33 34 35 0
17 18 19 0 0 21 22 23 0 0 25 26 27 0 0 29 30 31 0 0 33 34 35 0 0
0 0 20 21 22 0 0 24 25 26 0 0 28 29 30 0 0 32 33 34 0 0 36 37 38
0 20 21 22 23 0 24 25 26 27 0 28 29 30 31 0 32 33 34 35 0 36 37 38 39
20 21 22 23 0 24 25 26 27 0 28 29 30 31 0 32 33 34 35 0 36 37 38 39 0
21 22 23 0 0 25 26 27 0 0 29 30 31 0 0 33 34 35 0 0 37 38 39 0 0
0 0 24 25 26 0 0 28 29 30 0 0 32 33 34 0 0 36 37 38 0 0 40 41 42
0 24 25 26 27 0 28 29 30 31 0 32 33 34 35 0 36 37 38 39 0 40 41 42 43
24 25 26 27 0 28 29 30 31 0 32 33 34 35 0 36 37 38 39 0 40 41 42 43 0
25 26 27 0 0 29 30 31 0 0 33 34 35 0 0 37 38 39 0 0 41 42 43 0 0
0 0 28 29 30 0 0 32 33 34 0 0 36 37 38 0 0 40 41 42 0 0 44 45 46
0 28 29 30 31 0 32 33 34 35 0 36 37 38 39 0 40 41 42 43 0 44 45 46 47
28 29 30 31 0 32 33 34 35 0 36 37 38 39 0 40 41 42 43 0 44 45 46 47 0
29 30 31 0 0 33 34 35 0 0 37 38 39 0 0 41 42 43 0 0 45 46 47 0 0
0 0 32 33 34 0 0 36 37 38 0 0 40 41 42 0 0 44 45 46 0 0 48 49 50
0 32 33 34 35 0 36 37 38 39 0 40 41 42 43 0 44 45 46 47 0 48 49 50 51
32 33 34 35 0 36 37 38 39 0 40 41 42 43 0 44 45 46 47 0 48 49 50 51 0
33 34 35 0 0 37 38 39 0 0 41 42 43 0 0 45 46 47 0 0 49 50 51 0 0
0 0 36 37 38 0 0 40 41 42 0 0 44 45 46 0 0 48 49 50 0 0 52 53 54
0 36 37 38 39 0 40 41 42 43 0 44 45 46 47 0 48 49 50 51 0 52 53 54 55
36 37 38 39 0 40 41 42 43 0 44 45 46 47 0 48 49 50 51 0 52 53 54 55 0
37 38 39 0 0 41 42 43 0 0 45 46 47 0 0 49 50 51 0 0 53 54 55 0 0
0 0 40 41 42 0 0 44 45 46 0 0 48 49 50 0 0 52 53 54 0 0 56 57 58
0 40 41 42 43 0 44 45 46 47 0 48 49 50 51 0 52 53 54 55 0 56 57 58 59
40 41 42 43 0 44 45 46 47 0 48 49 50 51 0 52 53 54 55 0 56 57 58 59 0
41 42 43 0 0 45 46 47 0 0 49 50 51 0 0 53 54 55 0 0 57 58 59 0 0
0 0 44 45 46 0 0 48 49 50 0 0 52 53 54 0 0 56 57 58 0 0 60 61 62
0 44 45 46 47 0 48 49 50 51 0 52 53 54 55 0 56 57 58 59 0 60 61 62 63
44 45 46 47 0 48 49 50 51 0 52 53 54 55 0 56 57 58 59 0 60 61 62 63 0
45 46 47 0 0 49 50 51 0 0 53 54 55 0 0 57 58 59 0 0 61 62 63 0 0
0 0 48 49 50 0 0 52 53 54 0 0 56 57 58 0 0 60 61 62 0 0 0 0 0
0 48 49 50 51 0 52 53 54 55 0 56 57 58 59 0 60 61 62 63 0 0 0 0 0
48 49 50 51 0 52 53 54 55 0 56 57 58 59 0 60 61 62 63 0 0 0 0 0 0
49 50 51 0 0 53 54 55 0 0 57 58 59 0 0 61 62 63 0 0 0 0 0 0 0
0 0 52 53 54 0 0 56 57 58 0 0 60 61 62 0 0 0 0 0 0 0 0 0 0
0 52 53 54 55 0 56 57 58 59 0 60 61 62 63 0 0 0 0 0 0 0 0 0 0
52 53 54 55 0 56 57 58 59 0 60 61 62 63 0 0 0 0 0 0 0 0 0 0 0
53 54 55 0 0 57 58 59 0 0 61 62 63 0 0 0 0 0 0 0 0 0 0 0 0
0 0 0 0 0 0 0 0 0 0 0 0 128 128 128 0 0 128 128 128 0 0 128 128 128
0 0 0 0 0 0 0 0 0 0 0 128 128 128 128 0 128 128 128 128 0 128 128 128 128
0 0 0 0 0 0 0 0 0 0 128 128 128 128 0 128 128 128 128 0 128 128 128 128 0
0 0 0 0 0 0 0 0 0 0 128 128 128 0 0 128 128 128 0 0 128 128 128 0 0
0 0 0 0 0 0 0 128 128 128 0 0 128 128 128 0 0 128 128 128 0 0 128 128 128
0 0 0 0 0 0 128 128 128 128 0 128 128 128 128 0 128 128 128 128 0 128 128 128 128
0 0 0 0 0 128 128 128 128 0 128 128 128 128 0 128 128 128 128 0 128 128 128 128 0
0 0 0 0 0 128 128 128 0 0 128 128 128 0 0 128 128 128 0 0 128 128 128 0 0
0 0 128 128 128 0 0 128 128 128 0 0 128 128 128 0 0 128 128 128 0 0 128 128 128
0 128 128 128 128 0 128 128 128 128 0 128 128 128 128 0 128 128 128 128 0 128 128 128 128
128 128 128 128 0 128 128 128 128 0 128 128 128 128 0 128 128 128 128 0 128 128 128 128 0
128 128 128 0 0 128 128 128 0 0 128 128 128 0 0 128 128 128 0 0 128 128 128 0 0
0 0 128 128 128 0 0 128 128 128 0 0 128 128 128 0 0 128 128 128 0 0 128 128 128
0 128 128 128 128 0 128 128 128 128 0 128 128 128 128 0 128 128 128 128 0 128 128 128 128
128 128 128 128 0 128 128 128 128 0 128 128 128 128 0 128 128 128 128 0 128 128 128 128 0
128 128 128 0 0 128 128 128 0 0 128 128 128 0 0 128 128 128 0 0 128 128 128 0 0
0 0 128 128 128 0 0 128 128 128 0 0 128 128 128 0 0 128 128 128 0 0 128 128 128
0 128 128 128 128 0 128 128 128 128 0 128 128 128 128 0 128 128 128 128 0 128 128 128 128
128 128 128 128 0 128 128 128 128 0 128 128 128 128 0 128 128 128 128 0 128 128 128 128 0
128 128 128 0 0 128 128 128 0 0 128 128 128 0 0 128 128 128 0 0 128 128 128 0 0
0 0 128 128 128 0 0 128 128 128 0 0 128 128 128 0 0 128 128 128 0 0 128 128 128
0 128 128 128 128 0 128 128 128 128 0 128 128 128 128 0 128 128 128 128 0 128 128 128 128
128 128 128 128 0 128 128 128 128 0 128 128 128 128 0 128 128 128 128 0 128 128 128 128 0
128 128 128 0 0 128 128 128 0 0 128 128 128 0 0 128 128 128 0 0 128 128 128 0 0
0 0 128 128 128 0 0 128 128 128 0 0 128 128 128 0 0 128 128 128 0 0 128 128 128
0 128 128 128 128 0 128 128 128 128 0 128 128 128 128 0 128 128 128 128 0 128 128 128 128
128 128 128 128 0 128 128 128 128 0 128 128 128 128 0 128 128 128 128 0 128 128 128 128 0
128 128 128 0 0 128 128 128 0 0 128 128 128 0 0 128 128 128 0 0 128 128 128 0 0
0 0 128 128 128 0 0 128 128 128 0 0 128 128 128 0 0 128 128 128 0 0 128 128 128
0 128 128 128 128 0 128 128 128 128 0 128 128 128 128 0 128 128 128 128 0 128 128 128 128
128 128 128 128 0 128 128 128 128 0 128 128 128 128 0 128 128 128 128 0 128 128 128 128 0
128 128 128 0 0 128 128 128 0 0 128 128 128 0 0 128 128 128 0 0 128 128 128 0 0
0 0 128 128 128 0 0 128 128 128 0 0 128 128 128 0 0 128 128 128 0 0 128 128 128
0 128 128 128 128 0 128 128 128 128 0 128 128 128 128 0 128 128 128 128 0 128 128 128 128
128 128 128 128 0 128 128 128 128 0 128 128 128 128 0 128 128 128 128 0 128 128 128 128 0
128 128 128 0 0 128 128 128 0 0 128 128 128 0 0 128 128 128 0 0 128 128 128 0 0
0 0 128 128 128 0 0 128 128 128 0 0 128 128 128 0 0 128 128 128 0 0 128 128 128
0 128 128 128 128 0 128 128 128 128 0 128 128 128 128 0 128 128 128 128 0 128 128 128 128
128 128 128 128 0 128 128 128 128 0 128 128 128 128 0 128 128 128 128 0 128 128 128 128 0
128 128 128 0 0 128 128 128 0 0 128 128 128 0 0 128 128 128 0 0 128 128 128 0 0
0 0 128 128 128 0 0 128 128 128 0 0 128 128 128 0 0 128 128 128 0 0 128 128 128
0 128 128 128 128 0 128 128 128 128 0 128 128 128 128 0 128 128 128 128 0 128 128 128 128
128 128 128 128 0 128 128 128 128 0 128 128 128 128 0 128 128 128 128 0 128 128 128 128 0
128 128 128 0 0 128 128 128 0 0 128 128 128 0 0 128 128 128 0 0 128 128 128 0 0
0 0 128 128 128 0 0 128 128 128 0 0 128 128 128 0 0 128 128 128 0 0 128 128 128
0 128 128 128 128 0 128 128 128 128 0 128 128 128 128 0 128 128 128 128 0 128 128 128 128
128 128 128 128 0 128 128 128 128 0 128 128 128 128 0 128 128 128 128 0 128 128 128 128 0
128 128 128 0 0 128 128 128 0 0 128 128 128 0 0 128 128 128 0 0 128 128 128 0 0
0 0 128 128 128 0 0 128 128 128 0 0 128 128 128 0 0 128 128 128 0 0 128 128 128
0 128 128 128 128 0 128 128 128 128 0 128 128 128 128 0 128 128 128 128 0 128 128 128 128
128 128 128 128 0 128 128 128 128 0 128 128 128 128 0 128 128 128 128 0 128 128 128 128 0
128 128 128 0 0 128 128 128 0 0 128 128 128 0 0 128 128 128 0 0 128 128 128 0 0
0 0 128 128 128 0 0 128 128 128 0 0 128 128 128 0 0 128 128 128 0 0 128 128 128
0 128 128 128 128 0 128 128 128 128 0 128 128 128 128 0 128 128 128 128 0 128 128 128 128
128 128 128 128 0 128 128 128 128 0 128 128 128 128 0 128 128 128 128 0 128 128 128 128 0
128 128 128 0 0 128 128 128 0 0 128 128 128 0 0 128 128 128 0 0 128 128 128 0 0
0 0 128 128 128 0 0 128 128 128 0 0 128 128 128 0 0 128 128 128 0 0 0 0 0
0 128 128 128 128 0 128 128 128 128 0 128 128 128 128 0 128 128 128 128 0 0 0 0 0
128 128 128 128 0 128 128 128 128 0 128 128 128 128 0 128 128 128 128 0 0 0 0 0 0
128 128 128 0 0 128 128 128 0 0 128 128 128 0 0 128 128 128 0 0 0 0 0 0 0
0 0 128 128 128 0 0 128 128 128 0 0 128 128 128 0 0 0 0 0 0 0 0 0 0
0 128 128 128 128 0 128 128 128 128 0 128 128 128 128 0 0 0 0 0 0 0 0 0 0
128 128 128 128 0 128 128 128 128 0 128 128 128 128 0 0 0 0 0 0 0 0 0 0 0
128 128 128 0 0 128 128 128 0 0 128 128 128 0 0 0 0 0 0 0 0 0 0 0 0
0 0 0 0 0 0 0 0 0 0 0 0 170 85 170 0 0 85 170 85 0 0 170 85 170
0 0 0 0 0 0 0 0 0 0 0 170 85 170 85 0 85 170 85 170 0 170 85 170 85
0 0 0 0 0 0 0 0 0 0 170 85 170 85 0 85 170 85 170 0 170 85 170 85 0
0 0 0 0 0 0 0 0 0 0 85 170 85 0 0 170 85 170 0 0 85 170 85 0 0
0 0 0 0 0 0 0 170 85 170 0 0 85 170 85 0 0 170 85 170 0 0 85 170 85
0 0 0 0 0 0 170 85 170 85 0 85 170 85 170 0 170 85 170 85 0 85 170 85 170
0 0 0 0 0 170 85 170 85 0 85 170 85 170 0 170 85 170 85 0 85 170 85 170 0
0 0 0 0 0 85 170 85 0 0 170 85 170 0 0 85 170 85 0 0 170 85 170 0 0
0 0 170 85 170 0 0 85 170 85 0 0 170 85 170 0 0 85 170 85 0 0 170 85 170
0 170 85 170 85 0 85 170 85 170 0 170 85 170 85 0 85 170 85 170 0 170 85 170 85
170 85 170 85 0 85 170 85 170 0 170 85 170 85 0 85 170 85 170 0 170 85 170 85 0
85 170 85 0 0 170 85 170 0 0 85 170 85 0 0 170 85 170 0 0 85 170 85 0 0
0 0 85 170 85 0 0 170 85 170 0 0 85 170 85 0 0 170 85 170 0 0 85 170 85
0 85 170 85 170 0 170 85 170 85 0 85 170 85 170 0 170 85 170 85 0 85 170 85 170
85 170 85 170 0 170 85 170 85 0 85 170 85 170 0 170 85 170 85 0 85 170 85 170 0
170 85 170 0 0 85 170 85 0 0 170 85 170 0 0 85 170 85 0 0 170 85 170 0 0
0 0 170 85 170 0 0 85 170 85 0 0 170 85 170 0 0 85 170 85 0 0 170 85 170
0 170 85 170 85 0 85 170 85 170 0 170 85 170 85 0 85 170 85 170 0 170 85 170 85
170 85 170 85 0 85 170 85 170 0 170 85 170 85 0 85 170 85 170 0 170 85 170 85 0
85 170 85 0 0 170 85 170 0 0 85 170 85 0 0 170 85 170 0 0 85 170 85 0 0
0 0 85 170 85 0 0 170 85 170 0 0 85 170 85 0 0 170 85 170 0 0 85 170 85
0 85 170 85 170 0 170 85 170 85 0 85 170 85 170 0 170 85 170 85 0 85 170 85 170
85 170 85 170 0 170 85 170 85 0 85 170 85 170 0 170 85 170 85 0 85 170 85 170 0
170 85 170 0 0 85 170 85 0 0 170 85 170 0 0 85 170 85 0 0 170 85 170 0 0
0 0 170 85 170 0 0 85 170 85 0 0 170 85 170 0 0 85 170 85 0 0 170 85 170
0 170 85 170 85 0 85 170 85 170 0 170 85 170 85 0 85 170 85 170 0 170 85 170 85
170 85 170 85 0 85 170 85 170 0 170 85 170 85 0 85 170 85 170 0 170 85 170 85 0
85 170 85 0 0 170 85 170 0 0 85 170 85 0 0 170 85 170 0 0 85 170 85 0 0
0 0 85 170 85 0 0 170 85 170 0 0 85 170 85 0 0 170 85 170 0 0 85 170 85
0 85 170 85 170 0 170 85 170 85 0 85 170 85 170 0 170 85 170 85 0 85 170 85 170
85 170 85 170 0 170 85 170 85 0 85 170 85 170 0 170 85 170 85 0 85 170 85 170 0
170 85 170 0 0 85 170 85 0 0 170 85 170 0 0 85 170 85 0 0 170 85 170 0 0
0 0 170 85 170 0 0 85 170 85 0 0 170 85 170 0 0 85 170 85 0 0 170 85 170
0 170 85 170 85 0 85 170 85 170 0 170 85 170 85 0 85 170 85 170 0 170 85 170 85
170 85 170 85 0 85 170 85 170 0 170 85 170 85 0 85 170 85 170 0 170 85 170 85 0
85 170 85 0 0 170 85 170 0 0 85 170 85 0 0 170 85 170 0 0 85 170 85 0 0
0 0 85 170 85 0 0 170 85 170 0 0 85 170 85 0 0 170 85 170 0 0 85 170 85
0 85 170 85 170 0 170 85 170 85 0 85 170 85 170 0 170 85 170 85 0 85 170 85 170
85 170 85 170 0 170 85 170 85 0 85 170 85 170 0 170 85 170 85 0 85 170 85 170 0
170 85 170 0 0 85 170 85 0 0 170 85 170 0 0 85 170 85 0 0 170 85 170 0 0
0 0 170 85 170 0 0 85 170 85 0 0 170 85 170 0 0 85 170 85 0 0 170 85 170
0 170 85 170 85 0 85 170 85 170 0 170 85 170 85 0 85 170 85 170 0 170 85 170 85
170 85 170 85 0 85 170 85 170 0 170 85 170 85 0 85 170 85 170 0 170 85 170 85 0
85 170 85 0 0 170 85 170 0 0 85 170 85 0 0 170 85 170 0 0 85 170 85 0 0
0 0 85 170 85 0 0 170 85 170 0 0 85 170 85 0 0 170 85 170 0 0 85 170 85
0 85 170 85 170 0 170 85 170 85 0 85 170 85 170 0 170 85 170 85 0 85 170 85 170
85 170 85 170 0 170 85 170 85 0 85 170 85 170 0 170 85 170 85 0 85 170 85 170 0
170 85 170 0 0 85 170 85 0 0 170 85 170 0 0 85 170 85 0 0 170 85 170 0 0
0 0 170 85 170 0 0 85 170 85 0 0 170 85 170 0 0 85 170 85 0 0 170 85 170
0 170 85 170 85 0 85 170 85 170 0 170 85 170 85 0 85 170 85 170 0 170 85 170 85
170 85 170 85 0 85 170 85 170 0 170 85 170 85 0 85 170 85 170 0 170 85 170 85 0
85 170 85 0 0 170 85 170 0 0 85 170 85 0 0 170 85 170 0 0 85 170 85 0 0
0 0 85 170 85 0 0 170 85 170 0 0 85 170 85 0 0 170 85 170 0 0 85 170 85
0 85 170 85 170 0 170 85 170 85 0 85 170 85 170 0 170 85 170 85 0 85 170 85 170
85 170 85 170 0 170 85 170 85 0 85 170 85 170 0 170 85 170 85 0 85 170 85 170 0
170 85 170 0 0 85 170 85 0 0 170 85 170 0 0 85 170 85 0 0 170 85 170 0 0
0 0 170 85 170 0 0 85 170 85 0 0 170 85 170 0 0 85 170 85 0 0 0 0 0
0 170 85 170 85 0 85 170 85 170 0 170 85 170 85 0 85 170 85 170 0 0 0 0 0
170 85 170 85 0 85 170 85 170 0 170 85 170 85 0 85 170 85 170 0 0 0 0 0 0
85 170 85 0 0 170 85 170 0 0 85 170 85 0 0 170 85 170 0 0 0 0 0 0 0
0 0 85 170 85 0 0 170 85 170 0 0 85 170 85 0 0 0 0 0 0 0 0 0 0
0 85 170 85 170 0 170 85 170 85 0 85 170 85 170 0 0 0 0 0 0 0 0 0 0
85 170 85 170 0 170 85 170 85 0 85 170 85 170 0 0 0 0 0 0 0 0 0 0 0
170 85 170 0 0 85 170 85 0 0 170 85 170 0 0 0 0 0 0 0 0 0 0 0 0
