0 0 0 0 0 0 0 0 0 0 0 0 0 1 2 6 7 8 9 10 14 15 16 17 18
0 0 0 0 0 0 0 0 0 0 0 0 1 2 3 7 8 9 10 11 15 16 17 18 19
0 0 0 0 0 0 0 0 0 0 0 1 2 3 4 8 9 10 11 12 16 17 18 19 20
0 0 0 0 0 0 0 0 0 0 1 2 3 4 5 9 10 11 12 13 17 18 19 20 21
0 0 0 0 0 0 0 0 0 0 2 3 4 5 6 10 11 12 13 14 18 19 20 21 22
0 0 0 0 0 0 0 0 0 0 3 4 5 6 7 11 12 13 14 15 19 20 21 22 23
0 0 0 0 0 0 0 0 0 0 4 5 6 7 8 12 13 14 15 16 20 21 22 23 24
0 0 0 0 0 0 0 0 0 1 5 6 7 8 9 13 14 15 16 17 21 22 23 24 25
0 0 0 0 0 0 0 0 1 2 6 7 8 9 10 14 15 16 17 18 22 23 24 25 26
0 0 0 0 0 0 0 1 2 3 7 8 9 10 11 15 16 17 18 19 23 24 25 26 27
0 0 0 0 0 0 1 2 3 4 8 9 10 11 12 16 17 18 19 20 24 25 26 27 28
0 0 0 0 0 1 2 3 4 5 9 10 11 12 13 17 18 19 20 21 25 26 27 28 29
0 0 0 0 0 2 3 4 5 6 10 11 12 13 14 18 19 20 21 22 26 27 28 29 30
0 0 0 0 0 3 4 5 6 7 11 12 13 14 15 19 20 21 22 23 27 28 29 30 31
0 0 0 0 0 4 5 6 7 8 12 13 14 15 16 20 21 22 23 24 28 29 30 31 32
0 0 0 0 1 5 6 7 8 9 13 14 15 16 17 21 22 23 24 25 29 30 31 32 33
0 0 0 1 2 6 7 8 9 10 14 15 16 17 18 22 23 24 25 26 30 31 32 33 34
0 0 1 2 3 7 8 9 10 11 15 16 17 18 19 23 24 25 26 27 31 32 33 34 35
0 1 2 3 4 8 9 10 11 12 16 17 18 19 20 24 25 26 27 28 32 33 34 35 36
1 2 3 4 5 9 10 11 12 13 17 18 19 20 21 25 26 27 28 29 33 34 35 36 37
2 3 4 5 6 10 11 12 13 14 18 19 20 21 22 26 27 28 29 30 34 35 36 37 38
3 4 5 6 7 11 12 13 14 15 19 20 21 22 23 27 28 29 30 31 35 36 37 38 39
4 5 6 7 8 12 13 14 15 16 20 21 22 23 24 28 29 30 31 32 36 37 38 39 40
5 6 7 8 9 13 14 15 16 17 21 22 23 24 25 29 30 31 32 33 37 38 39 40 41
6 7 8 9 10 14 15 16 17 18 22 23 24 25 26 30 31 32 33 34 38 39 40 41 42
7 8 9 10 11 15 16 17 18 19 23 24 25 26 27 31 32 33 34 35 39 40 41 42 43
8 9 10 11 12 16 17 18 19 20 24 25 26 27 28 32 33 34 35 36 40 41 42 43 44
9 10 11 12 13 17 18 19 20 21 25 26 27 28 29 33 34 35 36 37 41 42 43 44 45
10 11 12 13 14 18 19 20 21 22 26 27 28 29 30 34 35 36 37 38 42 43 44 45 46
11 12 13 14 15 19 20 21 22 23 27 28 29 30 31 35 36 37 38 39 43 44 45 46 47
12 13 14 15 16 20 21 22 23 24 28 29 30 31 32 36 37 38 39 40 44 45 46 47 48
13 14 15 16 17 21 22 23 24 25 29 30 31 32 33 37 38 39 40 41 45 46 47 48 49
14 15 16 17 18 22 23 24 25 26 30 31 32 33 34 38 39 40 41 42 46 47 48 49 50
15 16 17 18 19 23 24 25 26 27 31 32 33 34 35 39 40 41 42 43 47 48 49 50 51
16 17 18 19 20 24 25 26 27 28 32 33 34 35 36 40 41 42 43 44 48 49 50 51 52
17 18 19 20 21 25 26 27 28 29 33 34 35 36 37 41 42 43 44 45 49 50 51 52 53
18 19 20 21 22 26 27 28 29 30 34 35 36 37 38 42 43 44 45 46 50 51 52 53 54
19 20 21 22 23 27 28 29 30 31 35 36 37 38 39 43 44 45 46 47 51 52 53 54 55
20 21 22 23 24 28 29 30 31 32 36 37 38 39 40 44 45 46 47 48 52 53 54 55 56
21 22 23 24 25 29 30 31 32 33 37 38 39 40 41 45 46 47 48 49 53 54 55 56 57
22 23 24 25 26 30 31 32 33 34 38 39 40 41 42 46 47 48 49 50 54 55 56 57 58
23 24 25 26 27 31 32 33 34 35 39 40 41 42 43 47 48 49 50 51 55 56 57 58 59
24 25 26 27 28 32 33 34 35 36 40 41 42 43 44 48 49 50 51 52 56 57 58 59 60
25 26 27 28 29 33 34 35 36 37 41 42 43 44 45 49 50 51 52 53 57 58 59 60 61
26 27 28 29 30 34 35 36 37 38 42 43 44 45 46 50 51 52 53 54 58 59 60 61 62
27 28 29 30 31 35 36 37 38 39 43 44 45 46 47 51 52 53 54 55 59 60 61 62 63
28 29 30 31 32 36 37 38 39 40 44 45 46 47 48 52 53 54 55 56 60 61 62 63 128
29 30 31 32 33 37 38 39 40 41 45 46 47 48 49 53 54 55 56 57 61 62 63 128 128
30 31 32 33 34 38 39 40 41 42 46 47 48 49 50 54 55 56 57 58 62 63 128 128 128
31 32 33 34 35 39 40 41 42 43 47 48 49 50 51 55 56 57 58 59 63 128 128 128 128
32 33 34 35 36 40 41 42 43 44 48 49 50 51 52 56 57 58 59 60 128 128 128 128 128
33 34 35 36 37 41 42 43 44 45 49 50 51 52 53 57 58 59 60 61 128 128 128 128 128
34 35 36 37 38 42 43 44 45 46 50 51 52 53 54 58 59 60 61 62 128 128 128 128 128
35 36 37 38 39 43 44 45 46 47 51 52 53 54 55 59 60 61 62 63 128 128 128 128 128
36 37 38 39 40 44 45 46 47 48 52 53 54 55 56 60 61 62 63 128 128 128 128 128 128
37 38 39 40 41 45 46 47 48 49 53 54 55 56 57 61 62 63 128 128 128 128 128 128 128
38 39 40 41 42 46 47 48 49 50 54 55 56 57 58 62 63 128 128 128 128 128 128 128 128
39 40 41 42 43 47 48 49 50 51 55 56 57 58 59 63 128 128 128 128 128 128 128 128 128
40 41 42 43 44 48 49 50 51 52 56 57 58 59 60 128 128 128 128 128 128 128 128 128 128
41 42 43 44 45 49 50 51 52 53 57 58 59 60 61 128 128 128 128 128 128 128 128 128 128
42 43 44 45 46 50 51 52 53 54 58 59 60 61 62 128 128 128 128 128 128 128 128 128 128
43 44 45 46 47 51 52 53 54 55 59 60 61 62 63 128 128 128 128 128 128 128 128 128 128
44 45 46 47 48 52 53 54 55 56 60 61 62 63 128 128 128 128 128 128 128 128 128 128 128
45 46 47 48 49 53 54 55 56 57 61 62 63 128 128 128 128 128 128 128 128 128 128 128 128
46 47 48 49 50 54 55 56 57 58 62 63 128 128 128 128 128 128 128 128 128 128 128 128 128
47 48 49 50 51 55 56 57 58 59 63 128 128 128 128 128 128 128 128 128 128 128 128 128 128
48 49 50 51 52 56 57 58 59 60 128 128 128 128 128 128 128 128 128 128 128 128 128 128 128
49 50 51 52 53 57 58 59 60 61 128 128 128 128 128 128 128 128 128 128 128 128 128 128 128
50 51 52 53 54 58 59 60 61 62 128 128 128 128 128 128 128 128 128 128 128 128 128 128 128
51 52 53 54 55 59 60 61 62 63 128 128 128 128 128 128 128 128 128 128 128 128 128 128 128
52 53 54 55 56 60 61 62 63 128 128 128 128 128 128 128 128 128 128 128 128 128 128 128 128
53 54 55 56 57 61 62 63 128 128 128 128 128 128 128 128 128 128 128 128 128 128 128 128 128
54 55 56 57 58 62 63 128 128 128 128 128 128 128 128 128 128 128 128 128 128 128 128 128 128
55 56 57 58 59 63 128 128 128 128 128 128 128 128 128 128 128 128 128 128 128 128 128 128 128
56 57 58 59 60 128 128 128 128 128 128 128 128 128 128 128 128 128 128 128 128 128 128 128 128
57 58 59 60 61 128 128 128 128 128 128 128 128 128 128 128 128 128 128 128 128 128 128 128 128
58 59 60 61 62 128 128 128 128 128 128 128 128 128 128 128 128 128 128 128 128 128 128 128 128
59 60 61 62 63 128 128 128 128 128 128 128 128 128 128 128 128 128 128 128 128 128 128 128 128
60 61 62 63 128 128 128 128 128 128 128 128 128 128 128 128 128 128 128 128 128 128 128 128 128
61 62 63 128 128 128 128 128 128 128 128 128 128 128 128 128 128 128 128 128 128 128 128 128 128
62 63 128 128 128 128 128 128 128 128 128 128 128 128 128 128 128 128 128 128 128 128 128 128 128
63 128 128 128 128 128 128 128 128 128 128 128 128 128 128 128 128 128 128 128 128 128 128 128 128
128 128 128 128 128 128 128 128 128 128 128 128 128 128 128 128 128 128 128 128 128 128 128 128 128
128 128 128 128 128 128 128 128 128 128 128 128 128 128 128 128 128 128 128 128 128 128 128 128 128
128 128 128 128 128 128 128 128 128 128 128 128 128 128 128 128 128 128 128 128 128 128 128 128 128
128 128 128 128 128 128 128 128 128 128 128 128 128 128 128 128 128 128 128 128 128 128 128 128 128
128 128 128 128 128 128 128 128 128 128 128 128 128 128 128 128 128 128 128 128 128 128 128 128 128
128 128 128 128 128 128 128 128 128 128 128 128 128 128 128 128 128 128 128 128 128 128 128 128 128
128 128 128 128 128 128 128 128 128 128 128 128 128 128 128 128 128 128 128 128 128 128 128 128 128
128 128 128 128 128 128 128 128 128 128 128 128 128 128 128 128 128 128 128 128 128 128 128 128 128
128 128 128 128 128 128 128 128 128 128 128 128 128 128 128 128 128 128 128 128 128 128 128 128 128
128 128 128 128 128 128 128 128 128 128 128 128 128 128 128 128 128 128 128 128 128 128 128 128 128
128 128 128 128 128 128 128 128 128 128 128 128 128 128 128 128 128 128 128 128 128 128 128 128 128
128 128 128 128 128 128 128 128 128 128 128 128 128 128 128 128 128 128 128 128 128 128 128 128 128
128 128 128 128 128 128 128 128 128 128 128 128 128 128 128 128 128 128 128 128 128 128 128 128 128
128 128 128 128 128 128 128 128 128 128 128 128 128 128 128 128 128 128 128 128 128 128 128 128 128
128 128 128 128 128 128 128 128 128 128 128 128 128 128 128 128 128 128 128 128 128 128 128 128 128
128 128 128 128 128 128 128 128 128 128 128 128 128 128 128 128 128 128 128 128 128 128 128 128 128
128 128 128 128 128 128 128 128 128 128 128 128 128 128 128 128 128 128 128 128 128 128 128 128 128
128 128 128 128 128 128 128 128 128 128 128 128 128 128 128 128 128 128 128 128 128 128 128 128 128
128 128 128 128 128 128 128 128 128 128 128 128 128 128 128 128 128 128 128 128 128 128 128 128 128
128 128 128 128 128 128 128 128 128 128 128 128 128 128 128 128 128 128 128 128 128 128 128 128 128
128 128 128 128 128 128 128 128 128 128 128 128 128 128 128 128 128 128 128 128 128 128 128 128 128
128 128 128 128 128 128 128 128 128 128 128 128 128 128 128 128 128 128 128 128 128 128 128 128 128
128 128 128 128 128 128 128 128 128 128 128 128 128 128 128 128 128 128 128 128 128 128 128 128 128
128 128 128 128 128 128 128 128 128 128 128 128 128 128 128 128 128 128 128 128 128 128 128 128 128
128 128 128 128 128 128 128 128 128 128 128 128 128 128 128 128 128 128 128 128 128 128 128 128 128
128 128 128 128 128 128 128 128 128 128 128 128 128 128 128 128 128 128 128 128 128 128 128 128 128
128 128 128 128 128 128 128 128 128 128 128 128 128 128 128 128 128 128 128 128 128 128 128 128 128
128 128 128 128 128 128 128 128 128 128 128 128 128 128 128 128 128 128 128 128 128 128 128 128 128
128 128 128 128 128 128 128 128 128 128 128 128 128 128 128 128 128 128 128 128 128 128 128 128 170
128 128 128 128 128 128 128 128 128 128 128 128 128 128 128 128 128 128 128 128 128 128 128 170 85
128 128 128 128 128 128 128 128 128 128 128 128 128 128 128 128 128 128 128 128 128 128 170 85 170
128 128 128 128 128 128 128 128 128 128 128 128 128 128 128 128 128 128 128 128 128 170 85 170 85
128 128 128 128 128 128 128 128 128 128 128 128 128 128 128 128 128 128 128 128 170 85 170 85 170
128 128 128 128 128 128 128 128 128 128 128 128 128 128 128 128 128 128 128 128 85 170 85 170 85
128 128 128 128 128 128 128 128 128 128 128 128 128 128 128 128 128 128 128 128 170 85 170 85 170
128 128 128 128 128 128 128 128 128 128 128 128 128 128 128 128 128 128 128 128 85 170 85 170 85
128 128 128 128 128 128 128 128 128 128 128 128 128 128 128 128 128 128 128 170 170 85 170 85 85
128 128 128 128 128 128 128 128 128 128 128 128 128 128 128 128 128 128 170 85 85 170 85 85 170
128 128 128 128 128 128 128 128 128 128 128 128 128 128 128 128 128 170 85 170 170 85 85 170 85
128 128 128 128 128 128 128 128 128 128 128 128 128 128 128 128 170 85 170 85 85 85 170 85 170
128 128 128 128 128 128 128 128 128 128 128 128 128 128 128 170 85 170 85 170 85 170 85 170 85
128 128 128 128 128 128 128 128 128 128 128 128 128 128 128 85 170 85 170 85 170 85 170 85 170
128 128 128 128 128 128 128 128 128 128 128 128 128 128 128 170 85 170 85 170 85 170 85 170 85
128 128 128 128 128 128 128 128 128 128 128 128 128 128 128 85 170 85 170 85 170 85 170 85 170
128 128 128 128 128 128 128 128 128 128 128 128 128 128 170 170 85 170 85 85 85 170 85 170 170
128 128 128 128 128 128 128 128 128 128 128 128 128 170 85 85 170 85 85 170 170 85 170 170 85
128 128 128 128 128 128 128 128 128 128 128 128 170 85 170 170 85 85 170 85 85 170 170 85 170
128 128 128 128 128 128 128 128 128 128 128 170 85 170 85 85 85 170 85 170 170 170 85 170 85
128 128 128 128 128 128 128 128 128 128 170 85 170 85 170 85 170 85 170 85 170 85 170 85 170
128 128 128 128 128 128 128 128 128 128 85 170 85 170 85 170 85 170 85 170 85 170 85 170 85
128 128 128 128 128 128 128 128 128 128 170 85 170 85 170 85 170 85 170 85 170 85 170 85 170
128 128 128 128 128 128 128 128 128 128 85 170 85 170 85 170 85 170 85 170 85 170 85 170 85
128 128 128 128 128 128 128 128 128 170 170 85 170 85 85 85 170 85 170 170 170 85 170 85 85
128 128 128 128 128 128 128 128 170 85 85 170 85 85 170 170 85 170 170 85 85 170 85 85 170
128 128 128 128 128 128 128 170 85 170 170 85 85 170 85 85 170 170 85 170 170 85 85 170 85
128 128 128 128 128 128 170 85 170 85 85 85 170 85 170 170 170 85 170 85 85 85 170 85 170
128 128 128 128 128 170 85 170 85 170 85 170 85 170 85 170 85 170 85 170 85 170 85 170 85
128 128 128 128 128 85 170 85 170 85 170 85 170 85 170 85 170 85 170 85 170 85 170 85 170
128 128 128 128 128 170 85 170 85 170 85 170 85 170 85 170 85 170 85 170 85 170 85 170 85
128 128 128 128 128 85 170 85 170 85 170 85 170 85 170 85 170 85 170 85 170 85 170 85 170
128 128 128 128 170 170 85 170 85 85 85 170 85 170 170 170 85 170 85 85 85 170 85 170 170
128 128 128 170 85 85 170 85 85 170 170 85 170 170 85 85 170 85 85 170 170 85 170 170 85
128 128 170 85 170 170 85 85 170 85 85 170 170 85 170 170 85 85 170 85 85 170 170 85 170
128 170 85 170 85 85 85 170 85 170 170 170 85 170 85 85 85 170 85 170 170 170 85 170 85
170 85 170 85 170 85 170 85 170 85 170 85 170 85 170 85 170 85 170 85 170 85 170 85 170
85 170 85 170 85 170 85 170 85 170 85 170 85 170 85 170 85 170 85 170 85 170 85 170 85
170 85 170 85 170 85 170 85 170 85 170 85 170 85 170 85 170 85 170 85 170 85 170 85 170
85 170 85 170 85 170 85 170 85 170 85 170 85 170 85 170 85 170 85 170 85 170 85 170 85
170 85 170 85 85 85 170 85 170 170 170 85 170 85 85 85 170 85 170 170 170 85 170 85 85
85 170 85 85 170 170 85 170 170 85 85 170 85 85 170 170 85 170 170 85 85 170 85 85 170
170 85 85 170 85 85 170 170 85 170 170 85 85 170 85 85 170 170 85 170 170 85 85 170 85
85 85 170 85 170 170 170 85 170 85 85 85 170 85 170 170 170 85 170 85 85 85 170 85 170
85 170 85 170 85 170 85 170 85 170 85 170 85 170 85 170 85 170 85 170 85 170 85 170 85
170 85 170 85 170 85 170 85 170 85 170 85 170 85 170 85 170 85 170 85 170 85 170 85 170
85 170 85 170 85 170 85 170 85 170 85 170 85 170 85 170 85 170 85 170 85 170 85 170 85
170 85 170 85 170 85 170 85 170 85 170 85 170 85 170 85 170 85 170 85 170 85 170 85 170
85 170 85 170 170 170 85 170 85 85 85 170 85 170 170 170 85 170 85 85 85 170 85 170 170
170 85 170 170 85 85 170 85 85 170 170 85 170 170 85 85 170 85 85 170 170 85 170 170 85
85 170 170 85 170 170 85 85 170 85 85 170 170 85 170 170 85 85 170 85 85 170 170 85 170
170 170 85 170 85 85 85 170 85 170 170 170 85 170 85 85 85 170 85 170 170 170 85 170 85
170 85 170 85 170 85 170 85 170 85 170 85 170 85 170 85 170 85 170 85 170 85 170 85 170
85 170 85 170 85 170 85 170 85 170 85 170 85 170 85 170 85 170 85 170 85 170 85 170 85
170 85 170 85 170 85 170 85 170 85 170 85 170 85 170 85 170 85 170 85 170 85 170 85 170
85 170 85 170 85 170 85 170 85 170 85 170 85 170 85 170 85 170 85 170 85 170 85 170 85
170 85 170 85 85 85 170 85 170 170 170 85 170 85 85 85 170 85 170 170 170 85 170 85 85
85 170 85 85 170 170 85 170 170 85 85 170 85 85 170 170 85 170 170 85 85 170 85 85 170
170 85 85 170 85 85 170 170 85 170 170 85 85 170 85 85 170 170 85 170 170 85 85 170 85
85 85 170 85 170 170 170 85 170 85 85 85 170 85 170 170 170 85 170 85 85 85 170 85 170
85 170 85 170 85 170 85 170 85 170 85 170 85 170 85 170 85 170 85 170 85 170 85 170 85
170 85 170 85 170 85 170 85 170 85 170 85 170 85 170 85 170 85 170 85 170 85 170 85 170
85 170 85 170 85 170 85 170 85 170 85 170 85 170 85 170 85 170 85 170 85 170 85 170 85
170 85 170 85 170 85 170 85 170 85 170 85 170 85 170 85 170 85 170 85 170 85 170 85 170
85 170 85 170 170 170 85 170 85 85 85 170 85 170 170 170 85 170 85 85 85 170 85 170 0
170 85 170 170 85 85 170 85 85 170 170 85 170 170 85 85 170 85 85 170 170 85 170 0 0
