0 0 0 0 0 0 0 0 0 0 0 0 0 1 2 14 15 16 17 18 30 31 32 33 34
0 0 0 0 0 0 0 0 0 0 0 0 1 2 3 15 16 17 18 19 31 32 33 34 35
0 0 0 0 0 0 0 0 0 0 0 1 2 3 4 16 17 18 19 20 32 33 34 35 36
0 0 0 0 0 0 0 0 0 0 1 2 3 4 5 17 18 19 20 21 33 34 35 36 37
0 0 0 0 0 0 0 0 0 0 2 3 4 5 6 18 19 20 21 22 34 35 36 37 38
0 0 0 0 0 0 0 0 0 0 3 4 5 6 7 19 20 21 22 23 35 36 37 38 39
0 0 0 0 0 0 0 0 0 0 4 5 6 7 8 20 21 22 23 24 36 37 38 39 40
0 0 0 0 0 0 0 0 0 0 5 6 7 8 9 21 22 23 24 25 37 38 39 40 41
0 0 0 0 0 0 0 0 0 0 6 7 8 9 10 22 23 24 25 26 38 39 40 41 42
0 0 0 0 0 0 0 0 0 0 7 8 9 10 11 23 24 25 26 27 39 40 41 42 43
0 0 0 0 0 0 0 0 0 0 8 9 10 11 12 24 25 26 27 28 40 41 42 43 44
0 0 0 0 0 0 0 0 0 0 9 10 11 12 13 25 26 27 28 29 41 42 43 44 45
0 0 0 0 0 0 0 0 0 0 10 11 12 13 14 26 27 28 29 30 42 43 44 45 46
0 0 0 0 0 0 0 0 0 0 11 12 13 14 15 27 28 29 30 31 43 44 45 46 47
0 0 0 0 0 0 0 0 0 0 12 13 14 15 16 28 29 30 31 32 44 45 46 47 48
0 0 0 0 0 0 0 0 0 1 13 14 15 16 17 29 30 31 32 33 45 46 47 48 49
0 0 0 0 0 0 0 0 1 2 14 15 16 17 18 30 31 32 33 34 46 47 48 49 50
0 0 0 0 0 0 0 1 2 3 15 16 17 18 19 31 32 33 34 35 47 48 49 50 51
0 0 0 0 0 0 1 2 3 4 16 17 18 19 20 32 33 34 35 36 48 49 50 51 52
0 0 0 0 0 1 2 3 4 5 17 18 19 20 21 33 34 35 36 37 49 50 51 52 53
0 0 0 0 0 2 3 4 5 6 18 19 20 21 22 34 35 36 37 38 50 51 52 53 54
0 0 0 0 0 3 4 5 6 7 19 20 21 22 23 35 36 37 38 39 51 52 53 54 55
0 0 0 0 0 4 5 6 7 8 20 21 22 23 24 36 37 38 39 40 52 53 54 55 56
0 0 0 0 0 5 6 7 8 9 21 22 23 24 25 37 38 39 40 41 53 54 55 56 57
0 0 0 0 0 6 7 8 9 10 22 23 24 25 26 38 39 40 41 42 54 55 56 57 58
0 0 0 0 0 7 8 9 10 11 23 24 25 26 27 39 40 41 42 43 55 56 57 58 59
0 0 0 0 0 8 9 10 11 12 24 25 26 27 28 40 41 42 43 44 56 57 58 59 60
0 0 0 0 0 9 10 11 12 13 25 26 27 28 29 41 42 43 44 45 57 58 59 60 61
0 0 0 0 0 10 11 12 13 14 26 27 28 29 30 42 43 44 45 46 58 59 60 61 62
0 0 0 0 0 11 12 13 14 15 27 28 29 30 31 43 44 45 46 47 59 60 61 62 63
0 0 0 0 0 12 13 14 15 16 28 29 30 31 32 44 45 46 47 48 60 61 62 63 128
0 0 0 0 1 13 14 15 16 17 29 30 31 32 33 45 46 47 48 49 61 62 63 128 128
0 0 0 1 2 14 15 16 17 18 30 31 32 33 34 46 47 48 49 50 62 63 128 128 128
0 0 1 2 3 15 16 17 18 19 31 32 33 34 35 47 48 49 50 51 63 128 128 128 128
0 1 2 3 4 16 17 18 19 20 32 33 34 35 36 48 49 50 51 52 128 128 128 128 128
1 2 3 4 5 17 18 19 20 21 33 34 35 36 37 49 50 51 52 53 128 128 128 128 128
2 3 4 5 6 18 19 20 21 22 34 35 36 37 38 50 51 52 53 54 128 128 128 128 128
3 4 5 6 7 19 20 21 22 23 35 36 37 38 39 51 52 53 54 55 128 128 128 128 128
4 5 6 7 8 20 21 22 23 24 36 37 38 39 40 52 53 54 55 56 128 128 128 128 128
5 6 7 8 9 21 22 23 24 25 37 38 39 40 41 53 54 55 56 57 128 128 128 128 128
6 7 8 9 10 22 23 24 25 26 38 39 40 41 42 54 55 56 57 58 128 128 128 128 128
7 8 9 10 11 23 24 25 26 27 39 40 41 42 43 55 56 57 58 59 128 128 128 128 128
8 9 10 11 12 24 25 26 27 28 40 41 42 43 44 56 57 58 59 60 128 128 128 128 128
9 10 11 12 13 25 26 27 28 29 41 42 43 44 45 57 58 59 60 61 128 128 128 128 128
10 11 12 13 14 26 27 28 29 30 42 43 44 45 46 58 59 60 61 62 128 128 128 128 128
11 12 13 14 15 27 28 29 30 31 43 44 45 46 47 59 60 61 62 63 128 128 128 128 128
12 13 14 15 16 28 29 30 31 32 44 45 46 47 48 60 61 62 63 128 128 128 128 128 128
13 14 15 16 17 29 30 31 32 33 45 46 47 48 49 61 62 63 128 128 128 128 128 128 128
14 15 16 17 18 30 31 32 33 34 46 47 48 49 50 62 63 128 128 128 128 128 128 128 128
15 16 17 18 19 31 32 33 34 35 47 48 49 50 51 63 128 128 128 128 128 128 128 128 128
16 17 18 19 20 32 33 34 35 36 48 49 50 51 52 128 128 128 128 128 128 128 128 128 128
17 18 19 20 21 33 34 35 36 37 49 50 51 52 53 128 128 128 128 128 128 128 128 128 128
18 19 20 21 22 34 35 36 37 38 50 51 52 53 54 128 128 128 128 128 128 128 128 128 128
19 20 21 22 23 35 36 37 38 39 51 52 53 54 55 128 128 128 128 128 128 128 128 128 128
20 21 22 23 24 36 37 38 39 40 52 53 54 55 56 128 128 128 128 128 128 128 128 128 128
21 22 23 24 25 37 38 39 40 41 53 54 55 56 57 128 128 128 128 128 128 128 128 128 128
22 23 24 25 26 38 39 40 41 42 54 55 56 57 58 128 128 128 128 128 128 128 128 128 128
23 24 25 26 27 39 40 41 42 43 55 56 57 58 59 128 128 128 128 128 128 128 128 128 128
24 25 26 27 28 40 41 42 43 44 56 57 58 59 60 128 128 128 128 128 128 128 128 128 128
25 26 27 28 29 41 42 43 44 45 57 58 59 60 61 128 128 128 128 128 128 128 128 128 128
26 27 28 29 30 42 43 44 45 46 58 59 60 61 62 128 128 128 128 128 128 128 128 128 128
27 28 29 30 31 43 44 45 46 47 59 60 61 62 63 128 128 128 128 128 128 128 128 128 128
28 29 30 31 32 44 45 46 47 48 60 61 62 63 128 128 128 128 128 128 128 128 128 128 128
29 30 31 32 33 45 46 47 48 49 61 62 63 128 128 128 128 128 128 128 128 128 128 128 128
30 31 32 33 34 46 47 48 49 50 62 63 128 128 128 128 128 128 128 128 128 128 128 128 128
31 32 33 34 35 47 48 49 50 51 63 128 128 128 128 128 128 128 128 128 128 128 128 128 128
32 33 34 35 36 48 49 50 51 52 128 128 128 128 128 128 128 128 128 128 128 128 128 128 128
33 34 35 36 37 49 50 51 52 53 128 128 128 128 128 128 128 128 128 128 128 128 128 128 128
34 35 36 37 38 50 51 52 53 54 128 128 128 128 128 128 128 128 128 128 128 128 128 128 128
35 36 37 38 39 51 52 53 54 55 128 128 128 128 128 128 128 128 128 128 128 128 128 128 128
36 37 38 39 40 52 53 54 55 56 128 128 128 128 128 128 128 128 128 128 128 128 128 128 128
37 38 39 40 41 53 54 55 56 57 128 128 128 128 128 128 128 128 128 128 128 128 128 128 128
38 39 40 41 42 54 55 56 57 58 128 128 128 128 128 128 128 128 128 128 128 128 128 128 128
39 40 41 42 43 55 56 57 58 59 128 128 128 128 128 128 128 128 128 128 128 128 128 128 128
40 41 42 43 44 56 57 58 59 60 128 128 128 128 128 128 128 128 128 128 128 128 128 128 128
41 42 43 44 45 57 58 59 60 61 128 128 128 128 128 128 128 128 128 128 128 128 128 128 128
42 43 44 45 46 58 59 60 61 62 128 128 128 128 128 128 128 128 128 128 128 128 128 128 128
43 44 45 46 47 59 60 61 62 63 128 128 128 128 128 128 128 128 128 128 128 128 128 128 128
44 45 46 47 48 60 61 62 63 128 128 128 128 128 128 128 128 128 128 128 128 128 128 128 128
45 46 47 48 49 61 62 63 128 128 128 128 128 128 128 128 128 128 128 128 128 128 128 128 128
46 47 48 49 50 62 63 128 128 128 128 128 128 128 128 128 128 128 128 128 128 128 128 128 128
47 48 49 50 51 63 128 128 128 128 128 128 128 128 128 128 128 128 128 128 128 128 128 128 128
48 49 50 51 52 128 128 128 128 128 128 128 128 128 128 128 128 128 128 128 128 128 128 128 128
49 50 51 52 53 128 128 128 128 128 128 128 128 128 128 128 128 128 128 128 128 128 128 128 128
50 51 52 53 54 128 128 128 128 128 128 128 128 128 128 128 128 128 128 128 128 128 128 128 128
51 52 53 54 55 128 128 128 128 128 128 128 128 128 128 128 128 128 128 128 128 128 128 128 128
52 53 54 55 56 128 128 128 128 128 128 128 128 128 128 128 128 128 128 128 128 128 128 128 128
53 54 55 56 57 128 128 128 128 128 128 128 128 128 128 128 128 128 128 128 128 128 128 128 128
54 55 56 57 58 128 128 128 128 128 128 128 128 128 128 128 128 128 128 128 128 128 128 128 128
55 56 57 58 59 128 128 128 128 128 128 128 128 128 128 128 128 128 128 128 128 128 128 128 128
56 57 58 59 60 128 128 128 128 128 128 128 128 128 128 128 128 128 128 128 128 128 128 128 128
57 58 59 60 61 128 128 128 128 128 128 128 128 128 128 128 128 128 128 128 128 128 128 128 128
58 59 60 61 62 128 128 128 128 128 128 128 128 128 128 128 128 128 128 128 128 128 128 128 128
59 60 61 62 63 128 128 128 128 128 128 128 128 128 128 128 128 128 128 128 128 128 128 128 128
60 61 62 63 128 128 128 128 128 128 128 128 128 128 128 128 128 128 128 128 128 128 128 128 170
61 62 63 128 128 128 128 128 128 128 128 128 128 128 128 128 128 128 128 128 128 128 128 170 85
62 63 128 128 128 128 128 128 128 128 128 128 128 128 128 128 128 128 128 128 128 128 170 85 170
63 128 128 128 128 128 128 128 128 128 128 128 128 128 128 128 128 128 128 128 128 170 85 170 85
128 128 128 128 128 128 128 128 128 128 128 128 128 128 128 128 128 128 128 128 170 85 170 85 170
128 128 128 128 128 128 128 128 128 128 128 128 128 128 128 128 128 128 128 128 85 170 85 170 85
128 128 128 128 128 128 128 128 128 128 128 128 128 128 128 128 128 128 128 128 170 85 170 85 170
128 128 128 128 128 128 128 128 128 128 128 128 128 128 128 128 128 128 128 128 85 170 85 170 85
128 128 128 128 128 128 128 128 128 128 128 128 128 128 128 128 128 128 128 128 170 85 170 85 170
128 128 128 128 128 128 128 128 128 128 128 128 128 128 128 128 128 128 128 128 85 170 85 170 85
128 128 128 128 128 128 128 128 128 128 128 128 128 128 128 128 128 128 128 128 170 85 170 85 170
128 128 128 128 128 128 128 128 128 128 128 128 128 128 128 128 128 128 128 128 85 170 85 170 85
128 128 128 128 128 128 128 128 128 128 128 128 128 128 128 128 128 128 128 128 170 85 170 85 170
128 128 128 128 128 128 128 128 128 128 128 128 128 128 128 128 128 128 128 128 85 170 85 170 85
128 128 128 128 128 128 128 128 128 128 128 128 128 128 128 128 128 128 128 128 170 85 170 85 170
128 128 128 128 128 128 128 128 128 128 128 128 128 128 128 128 128 128 128 128 85 170 85 170 85
128 128 128 128 128 128 128 128 128 128 128 128 128 128 128 128 128 128 128 170 170 85 170 85 85
128 128 128 128 128 128 128 128 128 128 128 128 128 128 128 128 128 128 170 85 85 170 85 85 170
128 128 128 128 128 128 128 128 128 128 128 128 128 128 128 128 128 170 85 170 170 85 85 170 85
128 128 128 128 128 128 128 128 128 128 128 128 128 128 128 128 170 85 170 85 85 85 170 85 170
128 128 128 128 128 128 128 128 128 128 128 128 128 128 128 170 85 170 85 170 85 170 85 170 85
128 128 128 128 128 128 128 128 128 128 128 128 128 128 128 85 170 85 170 85 170 85 170 85 170
128 128 128 128 128 128 128 128 128 128 128 128 128 128 128 170 85 170 85 170 85 170 85 170 85
128 128 128 128 128 128 128 128 128 128 128 128 128 128 128 85 170 85 170 85 170 85 170 85 170
128 128 128 128 128 128 128 128 128 128 128 128 128 128 128 170 85 170 85 170 85 170 85 170 85
128 128 128 128 128 128 128 128 128 128 128 128 128 128 128 85 170 85 170 85 170 85 170 85 170
128 128 128 128 128 128 128 128 128 128 128 128 128 128 128 170 85 170 85 170 85 170 85 170 85
128 128 128 128 128 128 128 128 128 128 128 128 128 128 128 85 170 85 170 85 170 85 170 85 170
128 128 128 128 128 128 128 128 128 128 128 128 128 128 128 170 85 170 85 170 85 170 85 170 85
128 128 128 128 128 128 128 128 128 128 128 128 128 128 128 85 170 85 170 85 170 85 170 85 170
128 128 128 128 128 128 128 128 128 128 128 128 128 128 128 170 85 170 85 170 85 170 85 170 85
128 128 128 128 128 128 128 128 128 128 128 128 128 128 128 85 170 85 170 85 170 85 170 85 170
128 128 128 128 128 128 128 128 128 128 128 128 128 128 170 170 85 170 85 85 85 170 85 170 170
128 128 128 128 128 128 128 128 128 128 128 128 128 170 85 85 170 85 85 170 170 85 170 170 85
128 128 128 128 128 128 128 128 128 128 128 128 170 85 170 170 85 85 170 85 85 170 170 85 170
128 128 128 128 128 128 128 128 128 128 128 170 85 170 85 85 85 170 85 170 170 170 85 170 85
128 128 128 128 128 128 128 128 128 128 170 85 170 85 170 85 170 85 170 85 170 85 170 85 170
128 128 128 128 128 128 128 128 128 128 85 170 85 170 85 170 85 170 85 170 85 170 85 170 85
128 128 128 128 128 128 128 128 128 128 170 85 170 85 170 85 170 85 170 85 170 85 170 85 170
128 128 128 128 128 128 128 128 128 128 85 170 85 170 85 170 85 170 85 170 85 170 85 170 85
128 128 128 128 128 128 128 128 128 128 170 85 170 85 170 85 170 85 170 85 170 85 170 85 170
128 128 128 128 128 128 128 128 128 128 85 170 85 170 85 170 85 170 85 170 85 170 85 170 85
128 128 128 128 128 128 128 128 128 128 170 85 170 85 170 85 170 85 170 85 170 85 170 85 170
128 128 128 128 128 128 128 128 128 128 85 170 85 170 85 170 85 170 85 170 85 170 85 170 85
128 128 128 128 128 128 128 128 128 128 170 85 170 85 170 85 170 85 170 85 170 85 170 85 170
128 128 128 128 128 128 128 128 128 128 85 170 85 170 85 170 85 170 85 170 85 170 85 170 85
128 128 128 128 128 128 128 128 128 128 170 85 170 85 170 85 170 85 170 85 170 85 170 85 170
128 128 128 128 128 128 128 128 128 128 85 170 85 170 85 170 85 170 85 170 85 170 85 170 85
128 128 128 128 128 128 128 128 128 170 170 85 170 85 85 85 170 85 170 170 170 85 170 85 85
128 128 128 128 128 128 128 128 170 85 85 170 85 85 170 170 85 170 170 85 85 170 85 85 170
128 128 128 128 128 128 128 170 85 170 170 85 85 170 85 85 170 170 85 170 170 85 85 170 85
128 128 128 128 128 128 170 85 170 85 85 85 170 85 170 170 170 85 170 85 85 85 170 85 170
128 128 128 128 128 170 85 170 85 170 85 170 85 170 85 170 85 170 85 170 85 170 85 170 85
128 128 128 128 128 85 170 85 170 85 170 85 170 85 170 85 170 85 170 85 170 85 170 85 170
128 128 128 128 128 170 85 170 85 170 85 170 85 170 85 170 85 170 85 170 85 170 85 170 85
128 128 128 128 128 85 170 85 170 85 170 85 170 85 170 85 170 85 170 85 170 85 170 85 170
128 128 128 128 128 170 85 170 85 170 85 170 85 170 85 170 85 170 85 170 85 170 85 170 85
128 128 128 128 128 85 170 85 170 85 170 85 170 85 170 85 170 85 170 85 170 85 170 85 170
128 128 128 128 128 170 85 170 85 170 85 170 85 170 85 170 85 170 85 170 85 170 85 170 85
128 128 128 128 128 85 170 85 170 85 170 85 170 85 170 85 170 85 170 85 170 85 170 85 170
128 128 128 128 128 170 85 170 85 170 85 170 85 170 85 170 85 170 85 170 85 170 85 170 85
128 128 128 128 128 85 170 85 170 85 170 85 170 85 170 85 170 85 170 85 170 85 170 85 170
128 128 128 128 128 170 85 170 85 170 85 170 85 170 85 170 85 170 85 170 85 170 85 170 85
128 128 128 128 128 85 170 85 170 85 170 85 170 85 170 85 170 85 170 85 170 85 170 85 170
