0 0 0 0 0 0 0 0 0 0 0 0 0 1 2 2 3 4 5 6 6 7 8 9 10
0 0 0 0 0 0 0 0 0 0 0 0 1 2 3 3 4 5 6 7 7 8 9 10 11
0 0 0 0 0 0 0 0 0 0 0 1 2 3 4 4 5 6 7 8 8 9 10 11 12
0 0 0 0 0 0 0 0 0 1 1 2 3 4 5 5 6 7 8 9 9 10 11 12 13
0 0 0 0 0 0 0 0 1 2 2 3 4 5 6 6 7 8 9 10 10 11 12 13 14
0 0 0 0 0 0 0 1 2 3 3 4 5 6 7 7 8 9 10 11 11 12 13 14 15
0 0 0 0 0 0 1 2 3 4 4 5 6 7 8 8 9 10 11 12 12 13 14 15 16
0 0 0 0 1 1 2 3 4 5 5 6 7 8 9 9 10 11 12 13 13 14 15 16 17
0 0 0 1 2 2 3 4 5 6 6 7 8 9 10 10 11 12 13 14 14 15 16 17 18
0 0 1 2 3 3 4 5 6 7 7 8 9 10 11 11 12 13 14 15 15 16 17 18 19
0 1 2 3 4 4 5 6 7 8 8 9 10 11 12 12 13 14 15 16 16 17 18 19 20
1 2 3 4 5 5 6 7 8 9 9 10 11 12 13 13 14 15 16 17 17 18 19 20 21
2 3 4 5 6 6 7 8 9 10 10 11 12 13 14 14 15 16 17 18 18 19 20 21 22
3 4 5 6 7 7 8 9 10 11 11 12 13 14 15 15 16 17 18 19 19 20 21 22 23
4 5 6 7 8 8 9 10 11 12 12 13 14 15 16 16 17 18 19 20 20 21 22 23 24
5 6 7 8 9 9 10 11 12 13 13 14 15 16 17 17 18 19 20 21 21 22 23 24 25
6 7 8 9 10 10 11 12 13 14 14 15 16 17 18 18 19 20 21 22 22 23 24 25 26
7 8 9 10 11 11 12 13 14 15 15 16 17 18 19 19 20 21 22 23 23 24 25 26 27
8 9 10 11 12 12 13 14 15 16 16 17 18 19 20 20 21 22 23 24 24 25 26 27 28
9 10 11 12 13 13 14 15 16 17 17 18 19 20 21 21 22 23 24 25 25 26 27 28 29
10 11 12 13 14 14 15 16 17 18 18 19 20 21 22 22 23 24 25 26 26 27 28 29 30
11 12 13 14 15 15 16 17 18 19 19 20 21 22 23 23 24 25 26 27 27 28 29 30 31
12 13 14 15 16 16 17 18 19 20 20 21 22 23 24 24 25 26 27 28 28 29 30 31 32
13 14 15 16 17 17 18 19 20 21 21 22 23 24 25 25 26 27 28 29 29 30 31 32 33
14 15 16 17 18 18 19 20 21 22 22 23 24 25 26 26 27 28 29 30 30 31 32 33 34
15 16 17 18 19 19 20 21 22 23 23 24 25 26 27 27 28 29 30 31 31 32 33 34 35
16 17 18 19 20 20 21 22 23 24 24 25 26 27 28 28 29 30 31 32 32 33 34 35 36
17 18 19 20 21 21 22 23 24 25 25 26 27 28 29 29 30 31 32 33 33 34 35 36 37
18 19 20 21 22 22 23 24 25 26 26 27 28 29 30 30 31 32 33 34 34 35 36 37 38
19 20 21 22 23 23 24 25 26 27 27 28 29 30 31 31 32 33 34 35 35 36 37 38 39
20 21 22 23 24 24 25 26 27 28 28 29 30 31 32 32 33 34 35 36 36 37 38 39 40
21 22 23 24 25 25 26 27 28 29 29 30 31 32 33 33 34 35 36 37 37 38 39 40 41
22 23 24 25 26 26 27 28 29 30 30 31 32 33 34 34 35 36 37 38 38 39 40 41 42
23 24 25 26 27 27 28 29 30 31 31 32 33 34 35 35 36 37 38 39 39 40 41 42 43
24 25 26 27 28 28 29 30 31 32 32 33 34 35 36 36 37 38 39 40 40 41 42 43 44
25 26 27 28 29 29 30 31 32 33 33 34 35 36 37 37 38 39 40 41 41 42 43 44 45
26 27 28 29 30 30 31 32 33 34 34 35 36 37 38 38 39 40 41 42 42 43 44 45 46
27 28 29 30 31 31 32 33 34 35 35 36 37 38 39 39 40 41 42 43 43 44 45 46 47
28 29 30 31 32 32 33 34 35 36 36 37 38 39 40 40 41 42 43 44 44 45 46 47 48
29 30 31 32 33 33 34 35 36 37 37 38 39 40 41 41 42 43 44 45 45 46 47 48 49
30 31 32 33 34 34 35 36 37 38 38 39 40 41 42 42 43 44 45 46 46 47 48 49 50
31 32 33 34 35 35 36 37 38 39 39 40 41 42 43 43 44 45 46 47 47 48 49 50 51
32 33 34 35 36 36 37 38 39 40 40 41 42 43 44 44 45 46 47 48 48 49 50 51 52
33 34 35 36 37 37 38 39 40 41 41 42 43 44 45 45 46 47 48 49 49 50 51 52 53
34 35 36 37 38 38 39 40 41 42 42 43 44 45 46 46 47 48 49 50 50 51 52 53 54
35 36 37 38 39 39 40 41 42 43 43 44 45 46 47 47 48 49 50 51 51 52 53 54 55
36 37 38 39 40 40 41 42 43 44 44 45 46 47 48 48 49 50 51 52 52 53 54 55 56
37 38 39 40 41 41 42 43 44 45 45 46 47 48 49 49 50 51 52 53 53 54 55 56 57
38 39 40 41 42 42 43 44 45 46 46 47 48 49 50 50 51 52 53 54 54 55 56 57 58
39 40 41 42 43 43 44 45 46 47 47 48 49 50 51 51 52 53 54 55 55 56 57 58 59
40 41 42 43 44 44 45 46 47 48 48 49 50 51 52 52 53 54 55 56 56 57 58 59 60
41 42 43 44 45 45 46 47 48 49 49 50 51 52 53 53 54 55 56 57 57 58 59 60 61
42 43 44 45 46 46 47 48 49 50 50 51 52 53 54 54 55 56 57 58 58 59 60 61 62
43 44 45 46 47 47 48 49 50 51 51 52 53 54 55 55 56 57 58 59 59 60 61 62 63
44 45 46 47 48 48 49 50 51 52 52 53 54 55 56 56 57 58 59 60 60 61 62 63 128
45 46 47 48 49 49 50 51 52 53 53 54 55 56 57 57 58 59 60 61 61 62 63 128 128
46 47 48 49 50 50 51 52 53 54 54 55 56 57 58 58 59 60 61 62 62 63 128 128 128
47 48 49 50 51 51 52 53 54 55 55 56 57 58 59 59 60 61 62 63 63 128 128 128 128
48 49 50 51 52 52 53 54 55 56 56 57 58 59 60 60 61 62 63 128 128 128 128 128 128
49 50 51 52 53 53 54 55 56 57 57 58 59 60 61 61 62 63 128 128 128 128 128 128 128
50 51 52 53 54 54 55 56 57 58 58 59 60 61 62 62 63 128 128 128 128 128 128 128 128
51 52 53 54 55 55 56 57 58 59 59 60 61 62 63 63 128 128 128 128 128 128 128 128 128
52 53 54 55 56 56 57 58 59 60 60 61 62 63 128 128 128 128 128 128 128 128 128 128 128
53 54 55 56 57 57 58 59 60 61 61 62 63 128 128 128 128 128 128 128 128 128 128 128 128
54 55 56 57 58 58 59 60 61 62 62 63 128 128 128 128 128 128 128 128 128 128 128 128 128
55 56 57 58 59 59 60 61 62 63 63 128 128 128 128 128 128 128 128 128 128 128 128 128 128
56 57 58 59 60 60 61 62 63 128 128 128 128 128 128 128 128 128 128 128 128 128 128 128 128
57 58 59 60 61 61 62 63 128 128 128 128 128 128 128 128 128 128 128 128 128 128 128 128 128
58 59 60 61 62 62 63 128 128 128 128 128 128 128 128 128 128 128 128 128 128 128 128 128 128
59 60 61 62 63 63 128 128 128 128 128 128 128 128 128 128 128 128 128 128 128 128 128 128 128
60 61 62 63 128 128 128 128 128 128 128 128 128 128 128 128 128 128 128 128 128 128 128 128 128
61 62 63 128 128 128 128 128 128 128 128 128 128 128 128 128 128 128 128 128 128 128 128 128 128
62 63 128 128 128 128 128 128 128 128 128 128 128 128 128 128 128 128 128 128 128 128 128 128 128
63 128 128 128 128 128 128 128 128 128 128 128 128 128 128 128 128 128 128 128 128 128 128 128 128
128 128 128 128 128 128 128 128 128 128 128 128 128 128 128 128 128 128 128 128 128 128 128 128 128
128 128 128 128 128 128 128 128 128 128 128 128 128 128 128 128 128 128 128 128 128 128 128 128 128
128 128 128 128 128 128 128 128 128 128 128 128 128 128 128 128 128 128 128 128 128 128 128 128 128
128 128 128 128 128 128 128 128 128 128 128 128 128 128 128 128 128 128 128 128 128 128 128 128 128
128 128 128 128 128 128 128 128 128 128 128 128 128 128 128 128 128 128 128 128 128 128 128 128 128
128 128 128 128 128 128 128 128 128 128 128 128 128 128 128 128 128 128 128 128 128 128 128 128 128
128 128 128 128 128 128 128 128 128 128 128 128 128 128 128 128 128 128 128 128 128 128 128 128 128
128 128 128 128 128 128 128 128 128 128 128 128 128 128 128 128 128 128 128 128 128 128 128 128 128
128 128 128 128 128 128 128 128 128 128 128 128 128 128 128 128 128 128 128 128 128 128 128 128 128
128 128 128 128 128 128 128 128 128 128 128 128 128 128 128 128 128 128 128 128 128 128 128 128 128
128 128 128 128 128 128 128 128 128 128 128 128 128 128 128 128 128 128 128 128 128 128 128 128 128
128 128 128 128 128 128 128 128 128 128 128 128 128 128 128 128 128 128 128 128 128 128 128 128 128
128 128 128 128 128 128 128 128 128 128 128 128 128 128 128 128 128 128 128 128 128 128 128 128 128
128 128 128 128 128 128 128 128 128 128 128 128 128 128 128 128 128 128 128 128 128 128 128 128 128
128 128 128 128 128 128 128 128 128 128 128 128 128 128 128 128 128 128 128 128 128 128 128 128 128
128 128 128 128 128 128 128 128 128 128 128 128 128 128 128 128 128 128 128 128 128 128 128 128 128
128 128 128 128 128 128 128 128 128 128 128 128 128 128 128 128 128 128 128 128 128 128 128 128 128
128 128 128 128 128 128 128 128 128 128 128 128 128 128 128 128 128 128 128 128 128 128 128 128 128
128 128 128 128 128 128 128 128 128 128 128 128 128 128 128 128 128 128 128 128 128 128 128 128 128
128 128 128 128 128 128 128 128 128 128 128 128 128 128 128 128 128 128 128 128 128 128 128 128 128
128 128 128 128 128 128 128 128 128 128 128 128 128 128 128 128 128 128 128 128 128 128 128 128 128
128 128 128 128 128 128 128 128 128 128 128 128 128 128 128 128 128 128 128 128 128 128 128 128 128
128 128 128 128 128 128 128 128 128 128 128 128 128 128 128 128 128 128 128 128 128 128 128 128 128
128 128 128 128 128 128 128 128 128 128 128 128 128 128 128 128 128 128 128 128 128 128 128 128 128
128 128 128 128 128 128 128 128 128 128 128 128 128 128 128 128 128 128 128 128 128 128 128 128 128
128 128 128 128 128 128 128 128 128 128 128 128 128 128 128 128 128 128 128 128 128 128 128 128 128
128 128 128 128 128 128 128 128 128 128 128 128 128 128 128 128 128 128 128 128 128 128 128 128 128
128 128 128 128 128 128 128 128 128 128 128 128 128 128 128 128 128 128 128 128 128 128 128 128 128
128 128 128 128 128 128 128 128 128 128 128 128 128 128 128 128 128 128 128 128 128 128 128 128 128
128 128 128 128 128 128 128 128 128 128 128 128 128 128 128 128 128 128 128 128 128 128 128 128 128
128 128 128 128 128 128 128 128 128 128 128 128 128 128 128 128 128 128 128 128 128 128 128 128 128
128 128 128 128 128 128 128 128 128 128 128 128 128 128 128 128 128 128 128 128 128 128 128 128 128
128 128 128 128 128 128 128 128 128 128 128 128 128 128 128 128 128 128 128 128 128 128 128 128 128
128 128 128 128 128 128 128 128 128 128 128 128 128 128 128 128 128 128 128 128 128 128 128 128 128
128 128 128 128 128 128 128 128 128 128 128 128 128 128 128 128 128 128 128 128 128 128 128 128 128
128 128 128 128 128 128 128 128 128 128 128 128 128 128 128 128 128 128 128 128 128 128 128 128 128
128 128 128 128 128 128 128 128 128 128 128 128 128 128 128 128 128 128 128 128 128 128 128 128 128
128 128 128 128 128 128 128 128 128 128 128 128 128 128 128 128 128 128 128 128 128 128 128 128 128
128 128 128 128 128 128 128 128 128 128 128 128 128 128 128 128 128 128 128 128 128 128 128 128 128
128 128 128 128 128 128 128 128 128 128 128 128 128 128 128 128 128 128 128 128 128 128 128 128 128
128 128 128 128 128 128 128 128 128 128 128 128 128 128 128 128 128 128 128 128 128 128 128 128 128
128 128 128 128 128 128 128 128 128 128 128 128 128 128 128 128 128 128 128 128 128 128 128 128 128
128 128 128 128 128 128 128 128 128 128 128 128 128 128 128 128 128 128 128 128 128 128 128 128 128
128 128 128 128 128 128 128 128 128 128 128 128 128 128 128 128 128 128 128 128 128 128 128 128 128
128 128 128 128 128 128 128 128 128 128 128 128 128 128 128 128 128 128 128 128 128 128 128 128 170
128 128 128 128 128 128 128 128 128 128 128 128 128 128 128 128 128 128 128 128 128 128 128 170 85
128 128 128 128 128 128 128 128 128 128 128 128 128 128 128 128 128 128 128 128 128 128 170 85 170
128 128 128 128 128 128 128 128 128 128 128 128 128 128 128 128 128 128 128 128 128 170 85 170 85
128 128 128 128 128 128 128 128 128 128 128 128 128 128 128 128 128 128 128 170 170 85 170 85 85
128 128 128 128 128 128 128 128 128 128 128 128 128 128 128 128 128 128 170 85 85 170 85 85 170
128 128 128 128 128 128 128 128 128 128 128 128 128 128 128 128 128 170 85 170 170 85 85 170 85
128 128 128 128 128 128 128 128 128 128 128 128 128 128 128 128 170 85 170 85 85 85 170 85 170
128 128 128 128 128 128 128 128 128 128 128 128 128 128 170 170 85 170 85 85 85 170 85 170 170
128 128 128 128 128 128 128 128 128 128 128 128 128 170 85 85 170 85 85 170 170 85 170 170 85
128 128 128 128 128 128 128 128 128 128 128 128 170 85 170 170 85 85 170 85 85 170 170 85 170
128 128 128 128 128 128 128 128 128 128 128 170 85 170 85 85 85 170 85 170 170 170 85 170 85
128 128 128 128 128 128 128 128 128 170 170 85 170 85 85 85 170 85 170 170 170 85 170 85 85
128 128 128 128 128 128 128 128 170 85 85 170 85 85 170 170 85 170 170 85 85 170 85 85 170
128 128 128 128 128 128 128 170 85 170 170 85 85 170 85 85 170 170 85 170 170 85 85 170 85
128 128 128 128 128 128 170 85 170 85 85 85 170 85 170 170 170 85 170 85 85 85 170 85 170
128 128 128 128 170 170 85 170 85 85 85 170 85 170 170 170 85 170 85 85 85 170 85 170 170
128 128 128 170 85 85 170 85 85 170 170 85 170 170 85 85 170 85 85 170 170 85 170 170 85
128 128 170 85 170 170 85 85 170 85 85 170 170 85 170 170 85 85 170 85 85 170 170 85 170
128 170 85 170 85 85 85 170 85 170 170 170 85 170 85 85 85 170 85 170 170 170 85 170 85
170 85 170 85 85 85 170 85 170 170 170 85 170 85 85 85 170 85 170 170 170 85 170 85 85
85 170 85 85 170 170 85 170 170 85 85 170 85 85 170 170 85 170 170 85 85 170 85 85 170
170 85 85 170 85 85 170 170 85 170 170 85 85 170 85 85 170 170 85 170 170 85 85 170 85
85 85 170 85 170 170 170 85 170 85 85 85 170 85 170 170 170 85 170 85 85 85 170 85 170
85 170 85 170 170 170 85 170 85 85 85 170 85 170 170 170 85 170 85 85 85 170 85 170 170
170 85 170 170 85 85 170 85 85 170 170 85 170 170 85 85 170 85 85 170 170 85 170 170 85
85 170 170 85 170 170 85 85 170 85 85 170 170 85 170 170 85 85 170 85 85 170 170 85 170
170 170 85 170 85 85 85 170 85 170 170 170 85 170 85 85 85 170 85 170 170 170 85 170 85
170 85 170 85 85 85 170 85 170 170 170 85 170 85 85 85 170 85 170 170 170 85 170 85 85
85 170 85 85 170 170 85 170 170 85 85 170 85 85 170 170 85 170 170 85 85 170 85 85 170
170 85 85 170 85 85 170 170 85 170 170 85 85 170 85 85 170 170 85 170 170 85 85 170 85
85 85 170 85 170 170 170 85 170 85 85 85 170 85 170 170 170 85 170 85 85 85 170 85 170
85 170 85 170 170 170 85 170 85 85 85 170 85 170 170 170 85 170 85 85 85 170 85 170 170
170 85 170 170 85 85 170 85 85 170 170 85 170 170 85 85 170 85 85 170 170 85 170 170 85
85 170 170 85 170 170 85 85 170 85 85 170 170 85 170 170 85 85 170 85 85 170 170 85 170
170 170 85 170 85 85 85 170 85 170 170 170 85 170 85 85 85 170 85 170 170 170 85 170 85
170 85 170 85 85 85 170 85 170 170 170 85 170 85 85 85 170 85 170 170 170 85 170 85 85
85 170 85 85 170 170 85 170 170 85 85 170 85 85 170 170 85 170 170 85 85 170 85 85 170
170 85 85 170 85 85 170 170 85 170 170 85 85 170 85 85 170 170 85 170 170 85 85 170 85
85 85 170 85 170 170 170 85 170 85 85 85 170 85 170 170 170 85 170 85 85 85 170 85 170
85 170 85 170 170 170 85 170 85 85 85 170 85 170 170 170 85 170 85 85 85 170 85 170 170
170 85 170 170 85 85 170 85 85 170 170 85 170 170 85 85 170 85 85 170 170 85 170 170 85
85 170 170 85 170 170 85 85 170 85 85 170 170 85 170 170 85 85 170 85 85 170 170 85 170
170 170 85 170 85 85 85 170 85 170 170 170 85 170 85 85 85 170 85 170 170 170 85 170 85
170 85 170 85 85 85 170 85 170 170 170 85 170 85 85 85 170 85 170 170 170 85 170 85 85
85 170 85 85 170 170 85 170 170 85 85 170 85 85 170 170 85 170 170 85 85 170 85 85 170
170 85 85 170 85 85 170 170 85 170 170 85 85 170 85 85 170 170 85 170 170 85 85 170 85
85 85 170 85 170 170 170 85 170 85 85 85 170 85 170 170 170 85 170 85 85 85 170 85 170
85 170 85 170 170 170 85 170 85 85 85 170 85 170 170 170 85 170 85 85 85 170 85 170 170
170 85 170 170 85 85 170 85 85 170 170 85 170 170 85 85 170 85 85 170 170 85 170 170 85
85 170 170 85 170 170 85 85 170 85 85 170 170 85 170 170 85 85 170 85 85 170 170 85 170
170 170 85 170 85 85 85 170 85 170 170 170 85 170 85 85 85 170 85 170 170 170 85 170 85
170 85 170 85 85 85 170 85 170 170 170 85 170 85 85 85 170 85 170 170 170 85 170 85 85
85 170 85 85 170 170 85 170 170 85 85 170 85 85 170 170 85 170 170 85 85 170 85 85 170
170 85 85 170 85 85 170 170 85 170 170 85 85 170 85 85 170 170 85 170 170 85 85 170 85
85 85 170 85 170 170 170 85 170 85 85 85 170 85 170 170 170 85 170 85 85 85 170 85 170
85 170 85 170 170 170 85 170 85 85 85 170 85 170 170 170 85 170 85 85 85 170 85 170 170
170 85 170 170 85 85 170 85 85 170 170 85 170 170 85 85 170 85 85 170 170 85 170 170 85
85 170 170 85 170 170 85 85 170 85 85 170 170 85 170 170 85 85 170 85 85 170 170 85 170
170 170 85 170 85 85 85 170 85 170 170 170 85 170 85 85 85 170 85 170 170 170 85 170 85
170 85 170 85 85 85 170 85 170 170 170 85 170 85 85 85 170 85 170 170 170 85 170 85 85
85 170 85 85 170 170 85 170 170 85 85 170 85 85 170 170 85 170 170 85 85 170 85 85 170
170 85 85 170 85 85 170 170 85 170 170 85 85 170 85 85 170 170 85 170 170 85 85 170 85
85 85 170 85 170 170 170 85 170 85 85 85 170 85 170 170 170 85 170 85 85 85 170 85 170
