0 0 0 0 0 0 0 0 0 0 0 0 0 0 0 0 0 0 1 2 3 0 0 0 5 6 7 8 0 0 0 10 11 12 13
0 0 0 0 0 0 0 0 0 0 0 0 0 0 0 0 0 1 2 3 4 0 0 5 6 7 8 9 0 0 10 11 12 13 14
0 0 0 0 0 0 0 0 0 0 0 0 0 0 0 0 1 2 3 4 0 0 5 6 7 8 9 0 0 10 11 12 13 14 0
0 0 0 0 0 0 0 0 0 0 0 0 0 0 0 1 2 3 4 0 0 5 6 7 8 9 0 0 10 11 12 13 14 0 0
0 0 0 0 0 0 0 0 0 0 0 0 0 0 1 2 3 4 0 0 0 6 7 8 9 0 0 0 11 12 13 14 0 0 0
0 0 0 0 0 0 0 0 0 0 0 1 2 3 0 0 0 5 6 7 8 0 0 0 10 11 12 13 0 0 0 15 16 17 18
0 0 0 0 0 0 0 0 0 0 1 2 3 4 0 0 5 6 7 8 9 0 0 10 11 12 13 14 0 0 15 16 17 18 19
0 0 0 0 0 0 0 0 0 1 2 3 4 0 0 5 6 7 8 9 0 0 10 11 12 13 14 0 0 15 16 17 18 19 0
0 0 0 0 0 0 0 0 1 2 3 4 0 0 5 6 7 8 9 0 0 10 11 12 13 14 0 0 15 16 17 18 19 0 0
0 0 0 0 0 0 0 1 2 3 4 0 0 0 6 7 8 9 0 0 0 11 12 13 14 0 0 0 16 17 18 19 0 0 0
0 0 0 0 1 2 3 0 0 0 5 6 7 8 0 0 0 10 11 12 13 0 0 0 15 16 17 18 0 0 0 20 21 22 23
0 0 0 1 2 3 4 0 0 5 6 7 8 9 0 0 10 11 12 13 14 0 0 15 16 17 18 19 0 0 20 21 22 23 24
0 0 1 2 3 4 0 0 5 6 7 8 9 0 0 10 11 12 13 14 0 0 15 16 17 18 19 0 0 20 21 22 23 24 0
0 1 2 3 4 0 0 5 6 7 8 9 0 0 10 11 12 13 14 0 0 15 16 17 18 19 0 0 20 21 22 23 24 0 0
1 2 3 4 0 0 0 6 7 8 9 0 0 0 11 12 13 14 0 0 0 16 17 18 19 0 0 0 21 22 23 24 0 0 0
0 0 0 5 6 7 8 0 0 0 10 11 12 13 0 0 0 15 16 17 18 0 0 0 20 21 22 23 0 0 0 0 0 0 0
0 0 5 6 7 8 9 0 0 10 11 12 13 14 0 0 15 16 17 18 19 0 0 20 21 22 23 24 0 0 0 0 0 0 0
0 5 6 7 8 9 0 0 10 11 12 13 14 0 0 15 16 17 18 19 0 0 20 21 22 23 24 0 0 0 0 0 0 0 0
5 6 7 8 9 0 0 10 11 12 13 14 0 0 15 16 17 18 19 0 0 20 21 22 23 24 0 0 0 0 0 0 0 0 0
6 7 8 9 0 0 0 11 12 13 14 0 0 0 16 17 18 19 0 0 0 21 22 23 24 0 0 0 0 0 0 0 0 0 0
0 0 0 10 11 12 13 0 0 0 15 16 17 18 0 0 0 20 21 22 23 0 0 0 0 0 0 0 0 0 0 0 0 0 0
0 0 10 11 12 13 14 0 0 15 16 17 18 19 0 0 20 21 22 23 24 0 0 0 0 0 0 0 0 0 0 0 0 0 0
0 10 11 12 13 14 0 0 15 16 17 18 19 0 0 20 21 22 23 24 0 0 0 0 0 0 0 0 0 0 0 0 0 0 0
10 11 12 13 14 0 0 15 16 17 18 19 0 0 20 21 22 23 24 0 0 0 0 0 0 0 0 0 0 0 0 0 0 0 0
11 12 13 14 0 0 0 16 17 18 19 0 0 0 21 22 23 24 0 0 0 0 0 0 0 0 0 0 0 0 0 0 0 0 0
0 0 0 0 0 0 0 0 0 0 0 0 0 0 0 0 0 128 128 128 128 0 0 0 128 128 128 128 0 0 0 128 128 128 128
0 0 0 0 0 0 0 0 0 0 0 0 0 0 0 0 128 128 128 128 128 0 0 128 128 128 128 128 0 0 128 128 128 128 128
0 0 0 0 0 0 0 0 0 0 0 0 0 0 0 128 128 128 128 128 0 0 128 128 128 128 128 0 0 128 128 128 128 128 0
0 0 0 0 0 0 0 0 0 0 0 0 0 0 128 128 128 128 128 0 0 128 128 128 128 128 0 0 128 128 128 128 128 0 0
0 0 0 0 0 0 0 0 0 0 0 0 0 0 128 128 128 128 0 0 0 128 128 128 128 0 0 0 128 128 128 128 0 0 0
0 0 0 0 0 0 0 0 0 0 128 128 128 128 0 0 0 128 128 128 128 0 0 0 128 128 128 128 0 0 0 128 128 128 128
0 0 0 0 0 0 0 0 0 128 128 128 128 128 0 0 128 128 128 128 128 0 0 128 128 128 128 128 0 0 128 128 128 128 128
0 0 0 0 0 0 0 0 128 128 128 128 128 0 0 128 128 128 128 128 0 0 128 128 128 128 128 0 0 128 128 128 128 128 0
0 0 0 0 0 0 0 128 128 128 128 128 0 0 128 128 128 128 128 0 0 128 128 128 128 128 0 0 128 128 128 128 128 0 0
0 0 0 0 0 0 0 128 128 128 128 0 0 0 128 128 128 128 0 0 0 128 128 128 128 0 0 0 128 128 128 128 0 0 0
0 0 0 128 128 128 128 0 0 0 128 128 128 128 0 0 0 128 128 128 128 0 0 0 128 128 128 128 0 0 0 128 128 128 128
0 0 128 128 128 128 128 0 0 128 128 128 128 128 0 0 128 128 128 128 128 0 0 128 128 128 128 128 0 0 128 128 128 128 128
0 128 128 128 128 128 0 0 128 128 128 128 128 0 0 128 128 128 128 128 0 0 128 128 128 128 128 0 0 128 128 128 128 128 0
128 128 128 128 128 0 0 128 128 128 128 128 0 0 128 128 128 128 128 0 0 128 128 128 128 128 0 0 128 128 128 128 128 0 0
128 128 128 128 0 0 0 128 128 128 128 0 0 0 128 128 128 128 0 0 0 128 128 128 128 0 0 0 128 128 128 128 0 0 0
0 0 0 128 128 128 128 0 0 0 128 128 128 128 0 0 0 128 128 128 128 0 0 0 128 128 128 128 0 0 0 0 0 0 0
0 0 128 128 128 128 128 0 0 128 128 128 128 128 0 0 128 128 128 128 128 0 0 128 128 128 128 128 0 0 0 0 0 0 0
0 128 128 128 128 128 0 0 128 128 128 128 128 0 0 128 128 128 128 128 0 0 128 128 128 128 128 0 0 0 0 0 0 0 0
128 128 128 128 128 0 0 128 128 128 128 128 0 0 128 128 128 128 128 0 0 128 128 128 128 128 0 0 0 0 0 0 0 0 0
128 128 128 128 0 0 0 128 128 128 128 0 0 0 128 128 128 128 0 0 0 128 128 128 128 0 0 0 0 0 0 0 0 0 0
0 0 0 128 128 128 128 0 0 0 128 128 128 128 0 0 0 128 128 128 128 0 0 0 0 0 0 0 0 0 0 0 0 0 0
0 0 128 128 128 128 128 0 0 128 128 128 128 128 0 0 128 128 128 128 128 0 0 0 0 0 0 0 0 0 0 0 0 0 0
0 128 128 128 128 128 0 0 128 128 128 128 128 0 0 128 128 128 128 128 0 0 0 0 0 0 0 0 0 0 0 0 0 0 0
128 128 128 128 128 0 0 128 128 128 128 128 0 0 128 128 128 128 128 0 0 0 0 0 0 0 0 0 0 0 0 0 0 0 0
128 128 128 128 0 0 0 128 128 128 128 0 0 0 128 128 128 128 0 0 0 0 0 0 0 0 0 0 0 0 0 0 0 0 0
0 0 0 0 0 0 0 0 0 0 0 0 0 0 0 0 0 170 85 170 85 0 0 0 85 170 85 170 0 0 0 170 85 170 85
0 0 0 0 0 0 0 0 0 0 0 0 0 0 0 0 170 85 170 85 170 0 0 85 170 85 170 85 0 0 170 85 170 85 170
0 0 0 0 0 0 0 0 0 0 0 0 0 0 0 170 85 170 85 170 0 0 85 170 85 170 85 0 0 170 85 170 85 170 0
0 0 0 0 0 0 0 0 0 0 0 0 0 0 170 85 170 85 170 0 0 85 170 85 170 85 0 0 170 85 170 85 170 0 0
0 0 0 0 0 0 0 0 0 0 0 0 0 0 85 170 85 170 0 0 0 170 85 170 85 0 0 0 85 170 85 170 0 0 0
0 0 0 0 0 0 0 0 0 0 170 85 170 85 0 0 0 85 170 85 170 0 0 0 170 85 170 85 0 0 0 85 170 85 170
0 0 0 0 0 0 0 0 0 170 85 170 85 170 0 0 85 170 85 170 85 0 0 170 85 170 85 170 0 0 85 170 85 170 85
0 0 0 0 0 0 0 0 170 85 170 85 170 0 0 85 170 85 170 85 0 0 170 85 170 85 170 0 0 85 170 85 170 85 0
0 0 0 0 0 0 0 170 85 170 85 170 0 0 85 170 85 170 85 0 0 170 85 170 85 170 0 0 85 170 85 170 85 0 0
0 0 0 0 0 0 0 85 170 85 170 0 0 0 170 85 170 85 0 0 0 85 170 85 170 0 0 0 170 85 170 85 0 0 0
0 0 0 170 85 170 85 0 0 0 85 170 85 170 0 0 0 170 85 170 85 0 0 0 85 170 85 170 0 0 0 170 85 170 85
0 0 170 85 170 85 170 0 0 85 170 85 170 85 0 0 170 85 170 85 170 0 0 85 170 85 170 85 0 0 170 85 170 85 170
0 170 85 170 85 170 0 0 85 170 85 170 85 0 0 170 85 170 85 170 0 0 85 170 85 170 85 0 0 170 85 170 85 170 0
170 85 170 85 170 0 0 85 170 85 170 85 0 0 170 85 170 85 170 0 0 85 170 85 170 85 0 0 170 85 170 85 170 0 0
85 170 85 170 0 0 0 170 85 170 85 0 0 0 85 170 85 170 0 0 0 170 85 170 85 0 0 0 85 170 85 170 0 0 0
