0 0 0 0 0 257 0 2056 2313
0 0 0 0 257 514 2056 2313 2570
0 0 0 257 514 771 2313 2570 2827
0 0 0 514 771 1028 2570 2827 3084
0 0 0 771 1028 1285 2827 3084 3341
0 0 0 1028 1285 1542 3084 3341 3598
0 0 0 1285 1542 1799 3341 3598 3855
0 0 0 1542 1799 0 3598 3855 0
0 0 257 0 2056 2313 0 4112 4369
0 257 514 2056 2313 2570 4112 4369 4626
257 514 771 2313 2570 2827 4369 4626 4883
514 771 1028 2570 2827 3084 4626 4883 5140
771 1028 1285 2827 3084 3341 4883 5140 5397
1028 1285 1542 3084 3341 3598 5140 5397 5654
1285 1542 1799 3341 3598 3855 5397 5654 5911
1542 1799 0 3598 3855 0 5654 5911 0
0 2056 2313 0 4112 4369 0 6168 6425
2056 2313 2570 4112 4369 4626 6168 6425 6682
2313 2570 2827 4369 4626 4883 6425 6682 6939
2570 2827 3084 4626 4883 5140 6682 6939 7196
2827 3084 3341 4883 5140 5397 6939 7196 7453
3084 3341 3598 5140 5397 5654 7196 7453 7710
3341 3598 3855 5397 5654 5911 7453 7710 7967
3598 3855 0 5654 5911 0 7710 7967 0
0 4112 4369 0 6168 6425 0 8224 8481
4112 4369 4626 6168 6425 6682 8224 8481 8738
4369 4626 4883 6425 6682 6939 8481 8738 8995
4626 4883 5140 6682 6939 7196 8738 8995 9252
4883 5140 5397 6939 7196 7453 8995 9252 9509
5140 5397 5654 7196 7453 7710 9252 9509 9766
5397 5654 5911 7453 7710 7967 9509 9766 10023
5654 5911 0 7710 7967 0 9766 10023 0
0 6168 6425 0 8224 8481 0 10280 10537
6168 6425 6682 8224 8481 8738 10280 10537 10794
6425 6682 6939 8481 8738 8995 10537 10794 11051
6682 6939 7196 8738 8995 9252 10794 11051 11308
6939 7196 7453 8995 9252 9509 11051 11308 11565
7196 7453 7710 9252 9509 9766 11308 11565 11822
7453 7710 7967 9509 9766 10023 11565 11822 12079
7710 7967 0 9766 10023 0 11822 12079 0
0 8224 8481 0 10280 10537 0 12336 12593
8224 8481 8738 10280 10537 10794 12336 12593 12850
8481 8738 8995 10537 10794 11051 12593 12850 13107
8738 8995 9252 10794 11051 11308 12850 13107 13364
8995 9252 9509 11051 11308 11565 13107 13364 13621
9252 9509 9766 11308 11565 11822 13364 13621 13878
9509 9766 10023 11565 11822 12079 13621 13878 14135
9766 10023 0 11822 12079 0 13878 14135 0
0 10280 10537 0 12336 12593 0 14392 14649
10280 10537 10794 12336 12593 12850 14392 14649 14906
10537 10794 11051 12593 12850 13107 14649 14906 15163
10794 11051 11308 12850 13107 13364 14906 15163 15420
11051 11308 11565 13107 13364 13621 15163 15420 15677
11308 11565 11822 13364 13621 13878 15420 15677 15934
11565 11822 12079 13621 13878 14135 15677 15934 16191
11822 12079 0 13878 14135 0 15934 16191 0
0 12336 12593 0 14392 14649 0 0 0
12336 12593 12850 14392 14649 14906 0 0 0
12593 12850 13107 14649 14906 15163 0 0 0
12850 13107 13364 14906 15163 15420 0 0 0
13107 13364 13621 15163 15420 15677 0 0 0
13364 13621 13878 15420 15677 15934 0 0 0
13621 13878 14135 15677 15934 16191 0 0 0
13878 14135 0 15934 16191 0 0 0 0
0 0 0 0 32896 32896 0 32896 32896
0 0 0 32896 32896 32896 32896 32896 32896
0 0 0 32896 32896 32896 32896 32896 32896
0 0 0 32896 32896 32896 32896 32896 32896
0 0 0 32896 32896 32896 32896 32896 32896
0 0 0 32896 32896 32896 32896 32896 32896
0 0 0 32896 32896 32896 32896 32896 32896
0 0 0 32896 32896 0 32896 32896 0
0 32896 32896 0 32896 32896 0 32896 32896
32896 32896 32896 32896 32896 32896 32896 32896 32896
32896 32896 32896 32896 32896 32896 32896 32896 32896
32896 32896 32896 32896 32896 32896 32896 32896 32896
32896 32896 32896 32896 32896 32896 32896 32896 32896
32896 32896 32896 32896 32896 32896 32896 32896 32896
32896 32896 32896 32896 32896 32896 32896 32896 32896
32896 32896 0 32896 32896 0 32896 32896 0
0 32896 32896 0 32896 32896 0 32896 32896
32896 32896 32896 32896 32896 32896 32896 32896 32896
32896 32896 32896 32896 32896 32896 32896 32896 32896
32896 32896 32896 32896 32896 32896 32896 32896 32896
32896 32896 32896 32896 32896 32896 32896 32896 32896
32896 32896 32896 32896 32896 32896 32896 32896 32896
32896 32896 32896 32896 32896 32896 32896 32896 32896
32896 32896 0 32896 32896 0 32896 32896 0
0 32896 32896 0 32896 32896 0 32896 32896
32896 32896 32896 32896 32896 32896 32896 32896 32896
32896 32896 32896 32896 32896 32896 32896 32896 32896
32896 32896 32896 32896 32896 32896 32896 32896 32896
32896 32896 32896 32896 32896 32896 32896 32896 32896
32896 32896 32896 32896 32896 32896 32896 32896 32896
32896 32896 32896 32896 32896 32896 32896 32896 32896
32896 32896 0 32896 32896 0 32896 32896 0
0 32896 32896 0 32896 32896 0 32896 32896
32896 32896 32896 32896 32896 32896 32896 32896 32896
32896 32896 32896 32896 32896 32896 32896 32896 32896
32896 32896 32896 32896 32896 32896 32896 32896 32896
32896 32896 32896 32896 32896 32896 32896 32896 32896
32896 32896 32896 32896 32896 32896 32896 32896 32896
32896 32896 32896 32896 32896 32896 32896 32896 32896
32896 32896 0 32896 32896 0 32896 32896 0
0 32896 32896 0 32896 32896 0 32896 32896
32896 32896 32896 32896 32896 32896 32896 32896 32896
32896 32896 32896 32896 32896 32896 32896 32896 32896
32896 32896 32896 32896 32896 32896 32896 32896 32896
32896 32896 32896 32896 32896 32896 32896 32896 32896
32896 32896 32896 32896 32896 32896 32896 32896 32896
32896 32896 32896 32896 32896 32896 32896 32896 32896
32896 32896 0 32896 32896 0 32896 32896 0
0 32896 32896 0 32896 32896 0 32896 32896
32896 32896 32896 32896 32896 32896 32896 32896 32896
32896 32896 32896 32896 32896 32896 32896 32896 32896
32896 32896 32896 32896 32896 32896 32896 32896 32896
32896 32896 32896 32896 32896 32896 32896 32896 32896
32896 32896 32896 32896 32896 32896 32896 32896 32896
32896 32896 32896 32896 32896 32896 32896 32896 32896
32896 32896 0 32896 32896 0 32896 32896 0
0 32896 32896 0 32896 32896 0 0 0
32896 32896 32896 32896 32896 32896 0 0 0
32896 32896 32896 32896 32896 32896 0 0 0
32896 32896 32896 32896 32896 32896 0 0 0
32896 32896 32896 32896 32896 32896 0 0 0
32896 32896 32896 32896 32896 32896 0 0 0
32896 32896 32896 32896 32896 32896 0 0 0
32896 32896 0 32896 32896 0 0 0 0
0 0 0 0 43690 21845 0 21845 43690
0 0 0 43690 21845 43690 21845 43690 21845
0 0 0 21845 43690 21845 43690 21845 43690
0 0 0 43690 21845 43690 21845 43690 21845
0 0 0 21845 43690 21845 43690 21845 43690
0 0 0 43690 21845 43690 21845 43690 21845
0 0 0 21845 43690 21845 43690 21845 43690
0 0 0 43690 21845 0 21845 43690 0
0 43690 21845 0 21845 43690 0 43690 21845
43690 21845 43690 21845 43690 21845 43690 21845 43690
21845 43690 21845 43690 21845 43690 21845 43690 21845
43690 21845 43690 21845 43690 21845 43690 21845 43690
21845 43690 21845 43690 21845 43690 21845 43690 21845
43690 21845 43690 21845 43690 21845 43690 21845 43690
21845 43690 21845 43690 21845 43690 21845 43690 21845
43690 21845 0 21845 43690 0 43690 21845 0
0 21845 43690 0 43690 21845 0 21845 43690
21845 43690 21845 43690 21845 43690 21845 43690 21845
43690 21845 43690 21845 43690 21845 43690 21845 43690
21845 43690 21845 43690 21845 43690 21845 43690 21845
43690 21845 43690 21845 43690 21845 43690 21845 43690
21845 43690 21845 43690 21845 43690 21845 43690 21845
43690 21845 43690 21845 43690 21845 43690 21845 43690
21845 43690 0 43690 21845 0 21845 43690 0
0 43690 21845 0 21845 43690 0 43690 21845
43690 21845 43690 21845 43690 21845 43690 21845 43690
21845 43690 21845 43690 21845 43690 21845 43690 21845
43690 21845 43690 21845 43690 21845 43690 21845 43690
21845 43690 21845 43690 21845 43690 21845 43690 21845
43690 21845 43690 21845 43690 21845 43690 21845 43690
21845 43690 21845 43690 21845 43690 21845 43690 21845
43690 21845 0 21845 43690 0 43690 21845 0
0 21845 43690 0 43690 21845 0 21845 43690
21845 43690 21845 43690 21845 43690 21845 43690 21845
43690 21845 43690 21845 43690 21845 43690 21845 43690
21845 43690 21845 43690 21845 43690 21845 43690 21845
43690 21845 43690 21845 43690 21845 43690 21845 43690
21845 43690 21845 43690 21845 43690 21845 43690 21845
43690 21845 43690 21845 43690 21845 43690 21845 43690
21845 43690 0 43690 21845 0 21845 43690 0
0 43690 21845 0 21845 43690 0 43690 21845
43690 21845 43690 21845 43690 21845 43690 21845 43690
21845 43690 21845 43690 21845 43690 21845 43690 21845
43690 21845 43690 21845 43690 21845 43690 21845 43690
21845 43690 21845 43690 21845 43690 21845 43690 21845
43690 21845 43690 21845 43690 21845 43690 21845 43690
21845 43690 21845 43690 21845 43690 21845 43690 21845
43690 21845 0 21845 43690 0 43690 21845 0
0 21845 43690 0 43690 21845 0 21845 43690
21845 43690 21845 43690 21845 43690 21845 43690 21845
43690 21845 43690 21845 43690 21845 43690 21845 43690
21845 43690 21845 43690 21845 43690 21845 43690 21845
43690 21845 43690 21845 43690 21845 43690 21845 43690
21845 43690 21845 43690 21845 43690 21845 43690 21845
43690 21845 43690 21845 43690 21845 43690 21845 43690
21845 43690 0 43690 21845 0 21845 43690 0
