0 0 0 0 0 0 0 0 0 0 0 0 0 0 0 0 0 0 1 2 3 13 14 15 16 17 18 19 29 30 31 32 33 34 35
0 0 0 0 0 0 0 0 0 0 0 0 0 0 0 0 0 1 2 3 4 14 15 16 17 18 19 20 30 31 32 33 34 35 36
0 0 0 0 0 0 0 0 0 0 0 0 0 0 0 0 1 2 3 4 5 15 16 17 18 19 20 21 31 32 33 34 35 36 37
0 0 0 0 0 0 0 0 0 0 0 0 0 0 0 1 2 3 4 5 6 16 17 18 19 20 21 22 32 33 34 35 36 37 38
0 0 0 0 0 0 0 0 0 0 0 0 0 0 1 2 3 4 5 6 7 17 18 19 20 21 22 23 33 34 35 36 37 38 39
0 0 0 0 0 0 0 0 0 0 0 0 0 0 2 3 4 5 6 7 8 18 19 20 21 22 23 24 34 35 36 37 38 39 40
0 0 0 0 0 0 0 0 0 0 0 0 0 0 3 4 5 6 7 8 9 19 20 21 22 23 24 25 35 36 37 38 39 40 41
0 0 0 0 0 0 0 0 0 0 0 0 0 0 4 5 6 7 8 9 10 20 21 22 23 24 25 26 36 37 38 39 40 41 42
0 0 0 0 0 0 0 0 0 0 0 0 0 0 5 6 7 8 9 10 11 21 22 23 24 25 26 27 37 38 39 40 41 42 43
0 0 0 0 0 0 0 0 0 0 0 0 0 0 6 7 8 9 10 11 12 22 23 24 25 26 27 28 38 39 40 41 42 43 44
0 0 0 0 0 0 0 0 0 0 0 0 0 0 7 8 9 10 11 12 13 23 24 25 26 27 28 29 39 40 41 42 43 44 45
0 0 0 0 0 0 0 0 0 0 0 0 0 0 8 9 10 11 12 13 14 24 25 26 27 28 29 30 40 41 42 43 44 45 46
0 0 0 0 0 0 0 0 0 0 0 0 0 0 9 10 11 12 13 14 15 25 26 27 28 29 30 31 41 42 43 44 45 46 47
0 0 0 0 0 0 0 0 0 0 0 0 0 0 10 11 12 13 14 15 16 26 27 28 29 30 31 32 42 43 44 45 46 47 48
0 0 0 0 0 0 0 0 0 0 0 0 0 0 11 12 13 14 15 16 17 27 28 29 30 31 32 33 43 44 45 46 47 48 49
0 0 0 0 0 0 0 0 0 0 0 0 0 0 12 13 14 15 16 17 18 28 29 30 31 32 33 34 44 45 46 47 48 49 50
0 0 0 0 0 0 0 0 0 0 0 1 2 3 13 14 15 16 17 18 19 29 30 31 32 33 34 35 45 46 47 48 49 50 51
0 0 0 0 0 0 0 0 0 0 1 2 3 4 14 15 16 17 18 19 20 30 31 32 33 34 35 36 46 47 48 49 50 51 52
0 0 0 0 0 0 0 0 0 1 2 3 4 5 15 16 17 18 19 20 21 31 32 33 34 35 36 37 47 48 49 50 51 52 53
0 0 0 0 0 0 0 0 1 2 3 4 5 6 16 17 18 19 20 21 22 32 33 34 35 36 37 38 48 49 50 51 52 53 54
0 0 0 0 0 0 0 1 2 3 4 5 6 7 17 18 19 20 21 22 23 33 34 35 36 37 38 39 49 50 51 52 53 54 55
0 0 0 0 0 0 0 2 3 4 5 6 7 8 18 19 20 21 22 23 24 34 35 36 37 38 39 40 50 51 52 53 54 55 56
0 0 0 0 0 0 0 3 4 5 6 7 8 9 19 20 21 22 23 24 25 35 36 37 38 39 40 41 51 52 53 54 55 56 57
0 0 0 0 0 0 0 4 5 6 7 8 9 10 20 21 22 23 24 25 26 36 37 38 39 40 41 42 52 53 54 55 56 57 58
0 0 0 0 0 0 0 5 6 7 8 9 10 11 21 22 23 24 25 26 27 37 38 39 40 41 42 43 53 54 55 56 57 58 59
0 0 0 0 0 0 0 6 7 8 9 10 11 12 22 23 24 25 26 27 28 38 39 40 41 42 43 44 54 55 56 57 58 59 60
0 0 0 0 0 0 0 7 8 9 10 11 12 13 23 24 25 26 27 28 29 39 40 41 42 43 44 45 55 56 57 58 59 60 61
0 0 0 0 0 0 0 8 9 10 11 12 13 14 24 25 26 27 28 29 30 40 41 42 43 44 45 46 56 57 58 59 60 61 62
0 0 0 0 0 0 0 9 10 11 12 13 14 15 25 26 27 28 29 30 31 41 42 43 44 45 46 47 57 58 59 60 61 62 63
0 0 0 0 0 0 0 10 11 12 13 14 15 16 26 27 28 29 30 31 32 42 43 44 45 46 47 48 58 59 60 61 62 63 0
0 0 0 0 0 0 0 11 12 13 14 15 16 17 27 28 29 30 31 32 33 43 44 45 46 47 48 49 59 60 61 62 63 0 0
0 0 0 0 0 0 0 12 13 14 15 16 17 18 28 29 30 31 32 33 34 44 45 46 47 48 49 50 60 61 62 63 0 0 0
0 0 0 0 1 2 3 13 14 15 16 17 18 19 29 30 31 32 33 34 35 45 46 47 48 49 50 51 0 0 0 0 0 0 0
0 0 0 1 2 3 4 14 15 16 17 18 19 20 30 31 32 33 34 35 36 46 47 48 49 50 51 52 0 0 0 0 0 0 0
0 0 1 2 3 4 5 15 16 17 18 19 20 21 31 32 33 34 35 36 37 47 48 49 50 51 52 53 0 0 0 0 0 0 0
0 1 2 3 4 5 6 16 17 18 19 20 21 22 32 33 34 35 36 37 38 48 49 50 51 52 53 54 0 0 0 0 0 0 0
1 2 3 4 5 6 7 17 18 19 20 21 22 23 33 34 35 36 37 38 39 49 50 51 52 53 54 55 0 0 0 0 0 0 0
2 3 4 5 6 7 8 18 19 20 21 22 23 24 34 35 36 37 38 39 40 50 51 52 53 54 55 56 0 0 0 0 0 0 0
3 4 5 6 7 8 9 19 20 21 22 23 24 25 35 36 37 38 39 40 41 51 52 53 54 55 56 57 0 0 0 0 0 0 0
4 5 6 7 8 9 10 20 21 22 23 24 25 26 36 37 38 39 40 41 42 52 53 54 55 56 57 58 0 0 0 0 0 0 0
5 6 7 8 9 10 11 21 22 23 24 25 26 27 37 38 39 40 41 42 43 53 54 55 56 57 58 59 0 0 0 0 0 0 0
6 7 8 9 10 11 12 22 23 24 25 26 27 28 38 39 40 41 42 43 44 54 55 56 57 58 59 60 0 0 0 0 0 0 0
7 8 9 10 11 12 13 23 24 25 26 27 28 29 39 40 41 42 43 44 45 55 56 57 58 59 60 61 0 0 0 0 0 0 0
8 9 10 11 12 13 14 24 25 26 27 28 29 30 40 41 42 43 44 45 46 56 57 58 59 60 61 62 0 0 0 0 0 0 0
9 10 11 12 13 14 15 25 26 27 28 29 30 31 41 42 43 44 45 46 47 57 58 59 60 61 62 63 0 0 0 0 0 0 0
10 11 12 13 14 15 16 26 27 28 29 30 31 32 42 43 44 45 46 47 48 58 59 60 61 62 63 0 0 0 0 0 0 0 0
11 12 13 14 15 16 17 27 28 29 30 31 32 33 43 44 45 46 47 48 49 59 60 61 62 63 0 0 0 0 0 0 0 0 0
12 13 14 15 16 17 18 28 29 30 31 32 33 34 44 45 46 47 48 49 50 60 61 62 63 0 0 0 0 0 0 0 0 0 0
13 14 15 16 17 18 19 29 30 31 32 33 34 35 45 46 47 48 49 50 51 0 0 0 0 0 0 0 0 0 0 0 0 0 0
14 15 16 17 18 19 20 30 31 32 33 34 35 36 46 47 48 49 50 51 52 0 0 0 0 0 0 0 0 0 0 0 0 0 0
15 16 17 18 19 20 21 31 32 33 34 35 36 37 47 48 49 50 51 52 53 0 0 0 0 0 0 0 0 0 0 0 0 0 0
16 17 18 19 20 21 22 32 33 34 35 36 37 38 48 49 50 51 52 53 54 0 0 0 0 0 0 0 0 0 0 0 0 0 0
17 18 19 20 21 22 23 33 34 35 36 37 38 39 49 50 51 52 53 54 55 0 0 0 0 0 0 0 0 0 0 0 0 0 0
18 19 20 21 22 23 24 34 35 36 37 38 39 40 50 51 52 53 54 55 56 0 0 0 0 0 0 0 0 0 0 0 0 0 0
19 20 21 22 23 24 25 35 36 37 38 39 40 41 51 52 53 54 55 56 57 0 0 0 0 0 0 0 0 0 0 0 0 0 0
20 21 22 23 24 25 26 36 37 38 39 40 41 42 52 53 54 55 56 57 58 0 0 0 0 0 0 0 0 0 0 0 0 0 0
21 22 23 24 25 26 27 37 38 39 40 41 42 43 53 54 55 56 57 58 59 0 0 0 0 0 0 0 0 0 0 0 0 0 0
22 23 24 25 26 27 28 38 39 40 41 42 43 44 54 55 56 57 58 59 60 0 0 0 0 0 0 0 0 0 0 0 0 0 0
23 24 25 26 27 28 29 39 40 41 42 43 44 45 55 56 57 58 59 60 61 0 0 0 0 0 0 0 0 0 0 0 0 0 0
24 25 26 27 28 29 30 40 41 42 43 44 45 46 56 57 58 59 60 61 62 0 0 0 0 0 0 0 0 0 0 0 0 0 0
25 26 27 28 29 30 31 41 42 43 44 45 46 47 57 58 59 60 61 62 63 0 0 0 0 0 0 0 0 0 0 0 0 0 0
26 27 28 29 30 31 32 42 43 44 45 46 47 48 58 59 60 61 62 63 0 0 0 0 0 0 0 0 0 0 0 0 0 0 0
27 28 29 30 31 32 33 43 44 45 46 47 48 49 59 60 61 62 63 0 0 0 0 0 0 0 0 0 0 0 0 0 0 0 0
28 29 30 31 32 33 34 44 45 46 47 48 49 50 60 61 62 63 0 0 0 0 0 0 0 0 0 0 0 0 0 0 0 0 0
0 0 0 0 0 0 0 0 0 0 0 0 0 0 0 0 0 128 128 128 128 128 128 128 128 128 128 128 128 128 128 128 128 128 128
0 0 0 0 0 0 0 0 0 0 0 0 0 0 0 0 128 128 128 128 128 128 128 128 128 128 128 128 128 128 128 128 128 128 128
0 0 0 0 0 0 0 0 0 0 0 0 0 0 0 128 128 128 128 128 128 128 128 128 128 128 128 128 128 128 128 128 128 128 128
0 0 0 0 0 0 0 0 0 0 0 0 0 0 128 128 128 128 128 128 128 128 128 128 128 128 128 128 128 128 128 128 128 128 128
0 0 0 0 0 0 0 0 0 0 0 0 0 0 128 128 128 128 128 128 128 128 128 128 128 128 128 128 128 128 128 128 128 128 128
0 0 0 0 0 0 0 0 0 0 0 0 0 0 128 128 128 128 128 128 128 128 128 128 128 128 128 128 128 128 128 128 128 128 128
0 0 0 0 0 0 0 0 0 0 0 0 0 0 128 128 128 128 128 128 128 128 128 128 128 128 128 128 128 128 128 128 128 128 128
0 0 0 0 0 0 0 0 0 0 0 0 0 0 128 128 128 128 128 128 128 128 128 128 128 128 128 128 128 128 128 128 128 128 128
0 0 0 0 0 0 0 0 0 0 0 0 0 0 128 128 128 128 128 128 128 128 128 128 128 128 128 128 128 128 128 128 128 128 128
0 0 0 0 0 0 0 0 0 0 0 0 0 0 128 128 128 128 128 128 128 128 128 128 128 128 128 128 128 128 128 128 128 128 128
0 0 0 0 0 0 0 0 0 0 0 0 0 0 128 128 128 128 128 128 128 128 128 128 128 128 128 128 128 128 128 128 128 128 128
0 0 0 0 0 0 0 0 0 0 0 0 0 0 128 128 128 128 128 128 128 128 128 128 128 128 128 128 128 128 128 128 128 128 128
0 0 0 0 0 0 0 0 0 0 0 0 0 0 128 128 128 128 128 128 128 128 128 128 128 128 128 128 128 128 128 128 128 128 128
0 0 0 0 0 0 0 0 0 0 0 0 0 0 128 128 128 128 128 128 128 128 128 128 128 128 128 128 128 128 128 128 128 128 128
0 0 0 0 0 0 0 0 0 0 0 0 0 0 128 128 128 128 128 128 128 128 128 128 128 128 128 128 128 128 128 128 128 128 128
0 0 0 0 0 0 0 0 0 0 0 0 0 0 128 128 128 128 128 128 128 128 128 128 128 128 128 128 128 128 128 128 128 128 128
0 0 0 0 0 0 0 0 0 0 128 128 128 128 128 128 128 128 128 128 128 128 128 128 128 128 128 128 128 128 128 128 128 128 128
0 0 0 0 0 0 0 0 0 128 128 128 128 128 128 128 128 128 128 128 128 128 128 128 128 128 128 128 128 128 128 128 128 128 128
0 0 0 0 0 0 0 0 128 128 128 128 128 128 128 128 128 128 128 128 128 128 128 128 128 128 128 128 128 128 128 128 128 128 128
0 0 0 0 0 0 0 128 128 128 128 128 128 128 128 128 128 128 128 128 128 128 128 128 128 128 128 128 128 128 128 128 128 128 128
0 0 0 0 0 0 0 128 128 128 128 128 128 128 128 128 128 128 128 128 128 128 128 128 128 128 128 128 128 128 128 128 128 128 128
0 0 0 0 0 0 0 128 128 128 128 128 128 128 128 128 128 128 128 128 128 128 128 128 128 128 128 128 128 128 128 128 128 128 128
0 0 0 0 0 0 0 128 128 128 128 128 128 128 128 128 128 128 128 128 128 128 128 128 128 128 128 128 128 128 128 128 128 128 128
0 0 0 0 0 0 0 128 128 128 128 128 128 128 128 128 128 128 128 128 128 128 128 128 128 128 128 128 128 128 128 128 128 128 128
0 0 0 0 0 0 0 128 128 128 128 128 128 128 128 128 128 128 128 128 128 128 128 128 128 128 128 128 128 128 128 128 128 128 128
0 0 0 0 0 0 0 128 128 128 128 128 128 128 128 128 128 128 128 128 128 128 128 128 128 128 128 128 128 128 128 128 128 128 128
0 0 0 0 0 0 0 128 128 128 128 128 128 128 128 128 128 128 128 128 128 128 128 128 128 128 128 128 128 128 128 128 128 128 128
0 0 0 0 0 0 0 128 128 128 128 128 128 128 128 128 128 128 128 128 128 128 128 128 128 128 128 128 128 128 128 128 128 128 128
0 0 0 0 0 0 0 128 128 128 128 128 128 128 128 128 128 128 128 128 128 128 128 128 128 128 128 128 128 128 128 128 128 128 128
0 0 0 0 0 0 0 128 128 128 128 128 128 128 128 128 128 128 128 128 128 128 128 128 128 128 128 128 128 128 128 128 128 128 0
0 0 0 0 0 0 0 128 128 128 128 128 128 128 128 128 128 128 128 128 128 128 128 128 128 128 128 128 128 128 128 128 128 0 0
0 0 0 0 0 0 0 128 128 128 128 128 128 128 128 128 128 128 128 128 128 128 128 128 128 128 128 128 128 128 128 128 0 0 0
0 0 0 128 128 128 128 128 128 128 128 128 128 128 128 128 128 128 128 128 128 128 128 128 128 128 128 128 0 0 0 0 0 0 0
0 0 128 128 128 128 128 128 128 128 128 128 128 128 128 128 128 128 128 128 128 128 128 128 128 128 128 128 0 0 0 0 0 0 0
0 128 128 128 128 128 128 128 128 128 128 128 128 128 128 128 128 128 128 128 128 128 128 128 128 128 128 128 0 0 0 0 0 0 0
128 128 128 128 128 128 128 128 128 128 128 128 128 128 128 128 128 128 128 128 128 128 128 128 128 128 128 128 0 0 0 0 0 0 0
128 128 128 128 128 128 128 128 128 128 128 128 128 128 128 128 128 128 128 128 128 128 128 128 128 128 128 128 0 0 0 0 0 0 0
128 128 128 128 128 128 128 128 128 128 128 128 128 128 128 128 128 128 128 128 128 128 128 128 128 128 128 128 0 0 0 0 0 0 0
128 128 128 128 128 128 128 128 128 128 128 128 128 128 128 128 128 128 128 128 128 128 128 128 128 128 128 128 0 0 0 0 0 0 0
128 128 128 128 128 128 128 128 128 128 128 128 128 128 128 128 128 128 128 128 128 128 128 128 128 128 128 128 0 0 0 0 0 0 0
128 128 128 128 128 128 128 128 128 128 128 128 128 128 128 128 128 128 128 128 128 128 128 128 128 128 128 128 0 0 0 0 0 0 0
128 128 128 128 128 128 128 128 128 128 128 128 128 128 128 128 128 128 128 128 128 128 128 128 128 128 128 128 0 0 0 0 0 0 0
128 128 128 128 128 128 128 128 128 128 128 128 128 128 128 128 128 128 128 128 128 128 128 128 128 128 128 128 0 0 0 0 0 0 0
128 128 128 128 128 128 128 128 128 128 128 128 128 128 128 128 128 128 128 128 128 128 128 128 128 128 128 128 0 0 0 0 0 0 0
128 128 128 128 128 128 128 128 128 128 128 128 128 128 128 128 128 128 128 128 128 128 128 128 128 128 128 128 0 0 0 0 0 0 0
128 128 128 128 128 128 128 128 128 128 128 128 128 128 128 128 128 128 128 128 128 128 128 128 128 128 128 0 0 0 0 0 0 0 0
128 128 128 128 128 128 128 128 128 128 128 128 128 128 128 128 128 128 128 128 128 128 128 128 128 128 0 0 0 0 0 0 0 0 0
128 128 128 128 128 128 128 128 128 128 128 128 128 128 128 128 128 128 128 128 128 128 128 128 128 0 0 0 0 0 0 0 0 0 0
128 128 128 128 128 128 128 128 128 128 128 128 128 128 128 128 128 128 128 128 128 0 0 0 0 0 0 0 0 0 0 0 0 0 0
128 128 128 128 128 128 128 128 128 128 128 128 128 128 128 128 128 128 128 128 128 0 0 0 0 0 0 0 0 0 0 0 0 0 0
128 128 128 128 128 128 128 128 128 128 128 128 128 128 128 128 128 128 128 128 128 0 0 0 0 0 0 0 0 0 0 0 0 0 0
128 128 128 128 128 128 128 128 128 128 128 128 128 128 128 128 128 128 128 128 128 0 0 0 0 0 0 0 0 0 0 0 0 0 0
128 128 128 128 128 128 128 128 128 128 128 128 128 128 128 128 128 128 128 128 128 0 0 0 0 0 0 0 0 0 0 0 0 0 0
128 128 128 128 128 128 128 128 128 128 128 128 128 128 128 128 128 128 128 128 128 0 0 0 0 0 0 0 0 0 0 0 0 0 0
128 128 128 128 128 128 128 128 128 128 128 128 128 128 128 128 128 128 128 128 128 0 0 0 0 0 0 0 0 0 0 0 0 0 0
128 128 128 128 128 128 128 128 128 128 128 128 128 128 128 128 128 128 128 128 128 0 0 0 0 0 0 0 0 0 0 0 0 0 0
128 128 128 128 128 128 128 128 128 128 128 128 128 128 128 128 128 128 128 128 128 0 0 0 0 0 0 0 0 0 0 0 0 0 0
128 128 128 128 128 128 128 128 128 128 128 128 128 128 128 128 128 128 128 128 128 0 0 0 0 0 0 0 0 0 0 0 0 0 0
128 128 128 128 128 128 128 128 128 128 128 128 128 128 128 128 128 128 128 128 128 0 0 0 0 0 0 0 0 0 0 0 0 0 0
128 128 128 128 128 128 128 128 128 128 128 128 128 128 128 128 128 128 128 128 128 0 0 0 0 0 0 0 0 0 0 0 0 0 0
128 128 128 128 128 128 128 128 128 128 128 128 128 128 128 128 128 128 128 128 128 0 0 0 0 0 0 0 0 0 0 0 0 0 0
128 128 128 128 128 128 128 128 128 128 128 128 128 128 128 128 128 128 128 128 0 0 0 0 0 0 0 0 0 0 0 0 0 0 0
128 128 128 128 128 128 128 128 128 128 128 128 128 128 128 128 128 128 128 0 0 0 0 0 0 0 0 0 0 0 0 0 0 0 0
128 128 128 128 128 128 128 128 128 128 128 128 128 128 128 128 128 128 0 0 0 0 0 0 0 0 0 0 0 0 0 0 0 0 0
0 0 0 0 0 0 0 0 0 0 0 0 0 0 0 0 0 170 85 170 85 85 170 85 85 170 85 170 170 85 170 170 85 170 85
0 0 0 0 0 0 0 0 0 0 0 0 0 0 0 0 170 85 170 85 170 170 85 85 170 85 170 85 85 170 170 85 170 85 170
0 0 0 0 0 0 0 0 0 0 0 0 0 0 0 170 85 170 85 170 85 85 85 170 85 170 85 170 170 170 85 170 85 170 85
0 0 0 0 0 0 0 0 0 0 0 0 0 0 170 85 170 85 170 85 170 85 170 85 170 85 170 85 170 85 170 85 170 85 170
0 0 0 0 0 0 0 0 0 0 0 0 0 0 85 170 85 170 85 170 85 170 85 170 85 170 85 170 85 170 85 170 85 170 85
0 0 0 0 0 0 0 0 0 0 0 0 0 0 170 85 170 85 170 85 170 85 170 85 170 85 170 85 170 85 170 85 170 85 170
0 0 0 0 0 0 0 0 0 0 0 0 0 0 85 170 85 170 85 170 85 170 85 170 85 170 85 170 85 170 85 170 85 170 85
0 0 0 0 0 0 0 0 0 0 0 0 0 0 170 85 170 85 170 85 170 85 170 85 170 85 170 85 170 85 170 85 170 85 170
0 0 0 0 0 0 0 0 0 0 0 0 0 0 85 170 85 170 85 170 85 170 85 170 85 170 85 170 85 170 85 170 85 170 85
0 0 0 0 0 0 0 0 0 0 0 0 0 0 170 85 170 85 170 85 170 85 170 85 170 85 170 85 170 85 170 85 170 85 170
0 0 0 0 0 0 0 0 0 0 0 0 0 0 85 170 85 170 85 170 85 170 85 170 85 170 85 170 85 170 85 170 85 170 85
0 0 0 0 0 0 0 0 0 0 0 0 0 0 170 85 170 85 170 85 170 85 170 85 170 85 170 85 170 85 170 85 170 85 170
0 0 0 0 0 0 0 0 0 0 0 0 0 0 85 170 85 170 85 170 85 170 85 170 85 170 85 170 85 170 85 170 85 170 85
0 0 0 0 0 0 0 0 0 0 0 0 0 0 170 85 170 85 170 85 85 85 170 85 170 85 170 170 170 85 170 85 170 85 85
0 0 0 0 0 0 0 0 0 0 0 0 0 0 85 170 85 170 85 85 170 170 85 170 85 170 170 85 85 170 85 170 85 85 170
0 0 0 0 0 0 0 0 0 0 0 0 0 0 170 85 170 85 85 170 85 85 170 85 170 170 85 170 170 85 170 85 85 170 85
0 0 0 0 0 0 0 0 0 0 170 85 170 85 85 170 85 85 170 85 170 170 85 170 170 85 170 85 85 170 85 85 170 85 170
0 0 0 0 0 0 0 0 0 170 85 170 85 170 170 85 85 170 85 170 85 85 170 170 85 170 85 170 170 85 85 170 85 170 85
0 0 0 0 0 0 0 0 170 85 170 85 170 85 85 85 170 85 170 85 170 170 170 85 170 85 170 85 85 85 170 85 170 85 170
0 0 0 0 0 0 0 170 85 170 85 170 85 170 85 170 85 170 85 170 85 170 85 170 85 170 85 170 85 170 85 170 85 170 85
0 0 0 0 0 0 0 85 170 85 170 85 170 85 170 85 170 85 170 85 170 85 170 85 170 85 170 85 170 85 170 85 170 85 170
0 0 0 0 0 0 0 170 85 170 85 170 85 170 85 170 85 170 85 170 85 170 85 170 85 170 85 170 85 170 85 170 85 170 85
0 0 0 0 0 0 0 85 170 85 170 85 170 85 170 85 170 85 170 85 170 85 170 85 170 85 170 85 170 85 170 85 170 85 170
0 0 0 0 0 0 0 170 85 170 85 170 85 170 85 170 85 170 85 170 85 170 85 170 85 170 85 170 85 170 85 170 85 170 85
0 0 0 0 0 0 0 85 170 85 170 85 170 85 170 85 170 85 170 85 170 85 170 85 170 85 170 85 170 85 170 85 170 85 170
0 0 0 0 0 0 0 170 85 170 85 170 85 170 85 170 85 170 85 170 85 170 85 170 85 170 85 170 85 170 85 170 85 170 85
0 0 0 0 0 0 0 85 170 85 170 85 170 85 170 85 170 85 170 85 170 85 170 85 170 85 170 85 170 85 170 85 170 85 170
0 0 0 0 0 0 0 170 85 170 85 170 85 170 85 170 85 170 85 170 85 170 85 170 85 170 85 170 85 170 85 170 85 170 85
0 0 0 0 0 0 0 85 170 85 170 85 170 85 170 85 170 85 170 85 170 85 170 85 170 85 170 85 170 85 170 85 170 85 170
0 0 0 0 0 0 0 170 85 170 85 170 85 85 85 170 85 170 85 170 170 170 85 170 85 170 85 85 85 170 85 170 85 170 0
0 0 0 0 0 0 0 85 170 85 170 85 85 170 170 85 170 85 170 170 85 85 170 85 170 85 85 170 170 85 170 85 170 0 0
0 0 0 0 0 0 0 170 85 170 85 85 170 85 85 170 85 170 170 85 170 170 85 170 85 85 170 85 85 170 85 170 0 0 0
0 0 0 170 85 170 85 85 170 85 85 170 85 170 170 85 170 170 85 170 85 85 170 85 85 170 85 170 0 0 0 0 0 0 0
0 0 170 85 170 85 170 170 85 85 170 85 170 85 85 170 170 85 170 85 170 170 85 85 170 85 170 85 0 0 0 0 0 0 0
0 170 85 170 85 170 85 85 85 170 85 170 85 170 170 170 85 170 85 170 85 85 85 170 85 170 85 170 0 0 0 0 0 0 0
170 85 170 85 170 85 170 85 170 85 170 85 170 85 170 85 170 85 170 85 170 85 170 85 170 85 170 85 0 0 0 0 0 0 0
85 170 85 170 85 170 85 170 85 170 85 170 85 170 85 170 85 170 85 170 85 170 85 170 85 170 85 170 0 0 0 0 0 0 0
170 85 170 85 170 85 170 85 170 85 170 85 170 85 170 85 170 85 170 85 170 85 170 85 170 85 170 85 0 0 0 0 0 0 0
85 170 85 170 85 170 85 170 85 170 85 170 85 170 85 170 85 170 85 170 85 170 85 170 85 170 85 170 0 0 0 0 0 0 0
170 85 170 85 170 85 170 85 170 85 170 85 170 85 170 85 170 85 170 85 170 85 170 85 170 85 170 85 0 0 0 0 0 0 0
85 170 85 170 85 170 85 170 85 170 85 170 85 170 85 170 85 170 85 170 85 170 85 170 85 170 85 170 0 0 0 0 0 0 0
170 85 170 85 170 85 170 85 170 85 170 85 170 85 170 85 170 85 170 85 170 85 170 85 170 85 170 85 0 0 0 0 0 0 0
85 170 85 170 85 170 85 170 85 170 85 170 85 170 85 170 85 170 85 170 85 170 85 170 85 170 85 170 0 0 0 0 0 0 0
170 85 170 85 170 85 170 85 170 85 170 85 170 85 170 85 170 85 170 85 170 85 170 85 170 85 170 85 0 0 0 0 0 0 0
85 170 85 170 85 170 85 170 85 170 85 170 85 170 85 170 85 170 85 170 85 170 85 170 85 170 85 170 0 0 0 0 0 0 0
170 85 170 85 170 85 85 85 170 85 170 85 170 170 170 85 170 85 170 85 85 85 170 85 170 85 170 0 0 0 0 0 0 0 0
85 170 85 170 85 85 170 170 85 170 85 170 170 85 85 170 85 170 85 85 170 170 85 170 85 170 0 0 0 0 0 0 0 0 0
170 85 170 85 85 170 85 85 170 85 170 170 85 170 170 85 170 85 85 170 85 85 170 85 170 0 0 0 0 0 0 0 0 0 0
85 170 85 85 170 85 170 170 85 170 170 85 170 85 85 170 85 85 170 85 170 0 0 0 0 0 0 0 0 0 0 0 0 0 0
170 85 85 170 85 170 85 85 170 170 85 170 85 170 170 85 85 170 85 170 85 0 0 0 0 0 0 0 0 0 0 0 0 0 0
85 85 170 85 170 85 170 170 170 85 170 85 170 85 85 85 170 85 170 85 170 0 0 0 0 0 0 0 0 0 0 0 0 0 0
85 170 85 170 85 170 85 170 85 170 85 170 85 170 85 170 85 170 85 170 85 0 0 0 0 0 0 0 0 0 0 0 0 0 0
170 85 170 85 170 85 170 85 170 85 170 85 170 85 170 85 170 85 170 85 170 0 0 0 0 0 0 0 0 0 0 0 0 0 0
85 170 85 170 85 170 85 170 85 170 85 170 85 170 85 170 85 170 85 170 85 0 0 0 0 0 0 0 0 0 0 0 0 0 0
170 85 170 85 170 85 170 85 170 85 170 85 170 85 170 85 170 85 170 85 170 0 0 0 0 0 0 0 0 0 0 0 0 0 0
85 170 85 170 85 170 85 170 85 170 85 170 85 170 85 170 85 170 85 170 85 0 0 0 0 0 0 0 0 0 0 0 0 0 0
170 85 170 85 170 85 170 85 170 85 170 85 170 85 170 85 170 85 170 85 170 0 0 0 0 0 0 0 0 0 0 0 0 0 0
85 170 85 170 85 170 85 170 85 170 85 170 85 170 85 170 85 170 85 170 85 0 0 0 0 0 0 0 0 0 0 0 0 0 0
170 85 170 85 170 85 170 85 170 85 170 85 170 85 170 85 170 85 170 85 170 0 0 0 0 0 0 0 0 0 0 0 0 0 0
85 170 85 170 85 170 85 170 85 170 85 170 85 170 85 170 85 170 85 170 85 0 0 0 0 0 0 0 0 0 0 0 0 0 0
170 85 170 85 170 85 170 85 170 85 170 85 170 85 170 85 170 85 170 85 170 0 0 0 0 0 0 0 0 0 0 0 0 0 0
85 170 85 170 85 170 170 170 85 170 85 170 85 85 85 170 85 170 85 170 0 0 0 0 0 0 0 0 0 0 0 0 0 0 0
170 85 170 85 170 170 85 85 170 85 170 85 85 170 170 85 170 85 170 0 0 0 0 0 0 0 0 0 0 0 0 0 0 0 0
85 170 85 170 170 85 170 170 85 170 85 85 170 85 85 170 85 170 0 0 0 0 0 0 0 0 0 0 0 0 0 0 0 0 0
