0 0 0 0 0 0 0 0 0 0 0 0 0 0 0 0 0 0 1 2 3 1 2 3 4 5 6 7 5 6 7 8 9 10 11
0 0 0 0 0 0 0 0 0 0 0 0 0 0 0 0 0 1 2 3 4 2 3 4 5 6 7 8 6 7 8 9 10 11 12
0 0 0 0 0 0 0 0 0 0 0 0 0 0 0 0 1 2 3 4 5 3 4 5 6 7 8 9 7 8 9 10 11 12 13
0 0 0 0 0 0 0 0 0 0 0 0 0 0 0 1 2 3 4 5 6 4 5 6 7 8 9 10 8 9 10 11 12 13 14
0 0 0 0 0 0 0 0 0 0 0 1 2 3 1 2 3 4 5 6 7 5 6 7 8 9 10 11 9 10 11 12 13 14 15
0 0 0 0 0 0 0 0 0 0 1 2 3 4 2 3 4 5 6 7 8 6 7 8 9 10 11 12 10 11 12 13 14 15 16
0 0 0 0 0 0 0 0 0 1 2 3 4 5 3 4 5 6 7 8 9 7 8 9 10 11 12 13 11 12 13 14 15 16 17
0 0 0 0 0 0 0 0 1 2 3 4 5 6 4 5 6 7 8 9 10 8 9 10 11 12 13 14 12 13 14 15 16 17 18
0 0 0 0 1 2 3 1 2 3 4 5 6 7 5 6 7 8 9 10 11 9 10 11 12 13 14 15 13 14 15 16 17 18 19
0 0 0 1 2 3 4 2 3 4 5 6 7 8 6 7 8 9 10 11 12 10 11 12 13 14 15 16 14 15 16 17 18 19 20
0 0 1 2 3 4 5 3 4 5 6 7 8 9 7 8 9 10 11 12 13 11 12 13 14 15 16 17 15 16 17 18 19 20 21
0 1 2 3 4 5 6 4 5 6 7 8 9 10 8 9 10 11 12 13 14 12 13 14 15 16 17 18 16 17 18 19 20 21 22
1 2 3 4 5 6 7 5 6 7 8 9 10 11 9 10 11 12 13 14 15 13 14 15 16 17 18 19 17 18 19 20 21 22 23
2 3 4 5 6 7 8 6 7 8 9 10 11 12 10 11 12 13 14 15 16 14 15 16 17 18 19 20 18 19 20 21 22 23 24
3 4 5 6 7 8 9 7 8 9 10 11 12 13 11 12 13 14 15 16 17 15 16 17 18 19 20 21 19 20 21 22 23 24 25
4 5 6 7 8 9 10 8 9 10 11 12 13 14 12 13 14 15 16 17 18 16 17 18 19 20 21 22 20 21 22 23 24 25 26
5 6 7 8 9 10 11 9 10 11 12 13 14 15 13 14 15 16 17 18 19 17 18 19 20 21 22 23 21 22 23 24 25 26 27
6 7 8 9 10 11 12 10 11 12 13 14 15 16 14 15 16 17 18 19 20 18 19 20 21 22 23 24 22 23 24 25 26 27 28
7 8 9 10 11 12 13 11 12 13 14 15 16 17 15 16 17 18 19 20 21 19 20 21 22 23 24 25 23 24 25 26 27 28 29
8 9 10 11 12 13 14 12 13 14 15 16 17 18 16 17 18 19 20 21 22 20 21 22 23 24 25 26 24 25 26 27 28 29 30
9 10 11 12 13 14 15 13 14 15 16 17 18 19 17 18 19 20 21 22 23 21 22 23 24 25 26 27 25 26 27 28 29 30 31
10 11 12 13 14 15 16 14 15 16 17 18 19 20 18 19 20 21 22 23 24 22 23 24 25 26 27 28 26 27 28 29 30 31 32
11 12 13 14 15 16 17 15 16 17 18 19 20 21 19 20 21 22 23 24 25 23 24 25 26 27 28 29 27 28 29 30 31 32 33
12 13 14 15 16 17 18 16 17 18 19 20 21 22 20 21 22 23 24 25 26 24 25 26 27 28 29 30 28 29 30 31 32 33 34
13 14 15 16 17 18 19 17 18 19 20 21 22 23 21 22 23 24 25 26 27 25 26 27 28 29 30 31 29 30 31 32 33 34 35
14 15 16 17 18 19 20 18 19 20 21 22 23 24 22 23 24 25 26 27 28 26 27 28 29 30 31 32 30 31 32 33 34 35 36
15 16 17 18 19 20 21 19 20 21 22 23 24 25 23 24 25 26 27 28 29 27 28 29 30 31 32 33 31 32 33 34 35 36 37
16 17 18 19 20 21 22 20 21 22 23 24 25 26 24 25 26 27 28 29 30 28 29 30 31 32 33 34 32 33 34 35 36 37 38
17 18 19 20 21 22 23 21 22 23 24 25 26 27 25 26 27 28 29 30 31 29 30 31 32 33 34 35 33 34 35 36 37 38 39
18 19 20 21 22 23 24 22 23 24 25 26 27 28 26 27 28 29 30 31 32 30 31 32 33 34 35 36 34 35 36 37 38 39 40
19 20 21 22 23 24 25 23 24 25 26 27 28 29 27 28 29 30 31 32 33 31 32 33 34 35 36 37 35 36 37 38 39 40 41
20 21 22 23 24 25 26 24 25 26 27 28 29 30 28 29 30 31 32 33 34 32 33 34 35 36 37 38 36 37 38 39 40 41 42
21 22 23 24 25 26 27 25 26 27 28 29 30 31 29 30 31 32 33 34 35 33 34 35 36 37 38 39 37 38 39 40 41 42 43
22 23 24 25 26 27 28 26 27 28 29 30 31 32 30 31 32 33 34 35 36 34 35 36 37 38 39 40 38 39 40 41 42 43 44
23 24 25 26 27 28 29 27 28 29 30 31 32 33 31 32 33 34 35 36 37 35 36 37 38 39 40 41 39 40 41 42 43 44 45
24 25 26 27 28 29 30 28 29 30 31 32 33 34 32 33 34 35 36 37 38 36 37 38 39 40 41 42 40 41 42 43 44 45 46
25 26 27 28 29 30 31 29 30 31 32 33 34 35 33 34 35 36 37 38 39 37 38 39 40 41 42 43 41 42 43 44 45 46 47
26 27 28 29 30 31 32 30 31 32 33 34 35 36 34 35 36 37 38 39 40 38 39 40 41 42 43 44 42 43 44 45 46 47 48
27 28 29 30 31 32 33 31 32 33 34 35 36 37 35 36 37 38 39 40 41 39 40 41 42 43 44 45 43 44 45 46 47 48 49
28 29 30 31 32 33 34 32 33 34 35 36 37 38 36 37 38 39 40 41 42 40 41 42 43 44 45 46 44 45 46 47 48 49 50
29 30 31 32 33 34 35 33 34 35 36 37 38 39 37 38 39 40 41 42 43 41 42 43 44 45 46 47 45 46 47 48 49 50 51
30 31 32 33 34 35 36 34 35 36 37 38 39 40 38 39 40 41 42 43 44 42 43 44 45 46 47 48 46 47 48 49 50 51 52
31 32 33 34 35 36 37 35 36 37 38 39 40 41 39 40 41 42 43 44 45 43 44 45 46 47 48 49 47 48 49 50 51 52 53
32 33 34 35 36 37 38 36 37 38 39 40 41 42 40 41 42 43 44 45 46 44 45 46 47 48 49 50 48 49 50 51 52 53 54
33 34 35 36 37 38 39 37 38 39 40 41 42 43 41 42 43 44 45 46 47 45 46 47 48 49 50 51 49 50 51 52 53 54 55
34 35 36 37 38 39 40 38 39 40 41 42 43 44 42 43 44 45 46 47 48 46 47 48 49 50 51 52 50 51 52 53 54 55 56
35 36 37 38 39 40 41 39 40 41 42 43 44 45 43 44 45 46 47 48 49 47 48 49 50 51 52 53 51 52 53 54 55 56 57
36 37 38 39 40 41 42 40 41 42 43 44 45 46 44 45 46 47 48 49 50 48 49 50 51 52 53 54 52 53 54 55 56 57 58
37 38 39 40 41 42 43 41 42 43 44 45 46 47 45 46 47 48 49 50 51 49 50 51 52 53 54 55 53 54 55 56 57 58 59
38 39 40 41 42 43 44 42 43 44 45 46 47 48 46 47 48 49 50 51 52 50 51 52 53 54 55 56 54 55 56 57 58 59 60
39 40 41 42 43 44 45 43 44 45 46 47 48 49 47 48 49 50 51 52 53 51 52 53 54 55 56 57 55 56 57 58 59 60 61
40 41 42 43 44 45 46 44 45 46 47 48 49 50 48 49 50 51 52 53 54 52 53 54 55 56 57 58 56 57 58 59 60 61 62
41 42 43 44 45 46 47 45 46 47 48 49 50 51 49 50 51 52 53 54 55 53 54 55 56 57 58 59 57 58 59 60 61 62 63
42 43 44 45 46 47 48 46 47 48 49 50 51 52 50 51 52 53 54 55 56 54 55 56 57 58 59 60 58 59 60 61 62 63 0
43 44 45 46 47 48 49 47 48 49 50 51 52 53 51 52 53 54 55 56 57 55 56 57 58 59 60 61 59 60 61 62 63 0 0
44 45 46 47 48 49 50 48 49 50 51 52 53 54 52 53 54 55 56 57 58 56 57 58 59 60 61 62 60 61 62 63 0 0 0
45 46 47 48 49 50 51 49 50 51 52 53 54 55 53 54 55 56 57 58 59 57 58 59 60 61 62 63 0 0 0 0 0 0 0
46 47 48 49 50 51 52 50 51 52 53 54 55 56 54 55 56 57 58 59 60 58 59 60 61 62 63 0 0 0 0 0 0 0 0
47 48 49 50 51 52 53 51 52 53 54 55 56 57 55 56 57 58 59 60 61 59 60 61 62 63 0 0 0 0 0 0 0 0 0
48 49 50 51 52 53 54 52 53 54 55 56 57 58 56 57 58 59 60 61 62 60 61 62 63 0 0 0 0 0 0 0 0 0 0
49 50 51 52 53 54 55 53 54 55 56 57 58 59 57 58 59 60 61 62 63 0 0 0 0 0 0 0 0 0 0 0 0 0 0
50 51 52 53 54 55 56 54 55 56 57 58 59 60 58 59 60 61 62 63 0 0 0 0 0 0 0 0 0 0 0 0 0 0 0
51 52 53 54 55 56 57 55 56 57 58 59 60 61 59 60 61 62 63 0 0 0 0 0 0 0 0 0 0 0 0 0 0 0 0
52 53 54 55 56 57 58 56 57 58 59 60 61 62 60 61 62 63 0 0 0 0 0 0 0 0 0 0 0 0 0 0 0 0 0
0 0 0 0 0 0 0 0 0 0 0 0 0 0 0 0 0 128 128 128 128 128 128 128 128 128 128 128 128 128 128 128 128 128 128
0 0 0 0 0 0 0 0 0 0 0 0 0 0 0 0 128 128 128 128 128 128 128 128 128 128 128 128 128 128 128 128 128 128 128
0 0 0 0 0 0 0 0 0 0 0 0 0 0 0 128 128 128 128 128 128 128 128 128 128 128 128 128 128 128 128 128 128 128 128
0 0 0 0 0 0 0 0 0 0 0 0 0 0 128 128 128 128 128 128 128 128 128 128 128 128 128 128 128 128 128 128 128 128 128
0 0 0 0 0 0 0 0 0 0 128 128 128 128 128 128 128 128 128 128 128 128 128 128 128 128 128 128 128 128 128 128 128 128 128
0 0 0 0 0 0 0 0 0 128 128 128 128 128 128 128 128 128 128 128 128 128 128 128 128 128 128 128 128 128 128 128 128 128 128
0 0 0 0 0 0 0 0 128 128 128 128 128 128 128 128 128 128 128 128 128 128 128 128 128 128 128 128 128 128 128 128 128 128 128
0 0 0 0 0 0 0 128 128 128 128 128 128 128 128 128 128 128 128 128 128 128 128 128 128 128 128 128 128 128 128 128 128 128 128
0 0 0 128 128 128 128 128 128 128 128 128 128 128 128 128 128 128 128 128 128 128 128 128 128 128 128 128 128 128 128 128 128 128 128
0 0 128 128 128 128 128 128 128 128 128 128 128 128 128 128 128 128 128 128 128 128 128 128 128 128 128 128 128 128 128 128 128 128 128
0 128 128 128 128 128 128 128 128 128 128 128 128 128 128 128 128 128 128 128 128 128 128 128 128 128 128 128 128 128 128 128 128 128 128
128 128 128 128 128 128 128 128 128 128 128 128 128 128 128 128 128 128 128 128 128 128 128 128 128 128 128 128 128 128 128 128 128 128 128
128 128 128 128 128 128 128 128 128 128 128 128 128 128 128 128 128 128 128 128 128 128 128 128 128 128 128 128 128 128 128 128 128 128 128
128 128 128 128 128 128 128 128 128 128 128 128 128 128 128 128 128 128 128 128 128 128 128 128 128 128 128 128 128 128 128 128 128 128 128
128 128 128 128 128 128 128 128 128 128 128 128 128 128 128 128 128 128 128 128 128 128 128 128 128 128 128 128 128 128 128 128 128 128 128
128 128 128 128 128 128 128 128 128 128 128 128 128 128 128 128 128 128 128 128 128 128 128 128 128 128 128 128 128 128 128 128 128 128 128
128 128 128 128 128 128 128 128 128 128 128 128 128 128 128 128 128 128 128 128 128 128 128 128 128 128 128 128 128 128 128 128 128 128 128
128 128 128 128 128 128 128 128 128 128 128 128 128 128 128 128 128 128 128 128 128 128 128 128 128 128 128 128 128 128 128 128 128 128 128
128 128 128 128 128 128 128 128 128 128 128 128 128 128 128 128 128 128 128 128 128 128 128 128 128 128 128 128 128 128 128 128 128 128 128
128 128 128 128 128 128 128 128 128 128 128 128 128 128 128 128 128 128 128 128 128 128 128 128 128 128 128 128 128 128 128 128 128 128 128
128 128 128 128 128 128 128 128 128 128 128 128 128 128 128 128 128 128 128 128 128 128 128 128 128 128 128 128 128 128 128 128 128 128 128
128 128 128 128 128 128 128 128 128 128 128 128 128 128 128 128 128 128 128 128 128 128 128 128 128 128 128 128 128 128 128 128 128 128 128
128 128 128 128 128 128 128 128 128 128 128 128 128 128 128 128 128 128 128 128 128 128 128 128 128 128 128 128 128 128 128 128 128 128 128
128 128 128 128 128 128 128 128 128 128 128 128 128 128 128 128 128 128 128 128 128 128 128 128 128 128 128 128 128 128 128 128 128 128 128
128 128 128 128 128 128 128 128 128 128 128 128 128 128 128 128 128 128 128 128 128 128 128 128 128 128 128 128 128 128 128 128 128 128 128
128 128 128 128 128 128 128 128 128 128 128 128 128 128 128 128 128 128 128 128 128 128 128 128 128 128 128 128 128 128 128 128 128 128 128
128 128 128 128 128 128 128 128 128 128 128 128 128 128 128 128 128 128 128 128 128 128 128 128 128 128 128 128 128 128 128 128 128 128 128
128 128 128 128 128 128 128 128 128 128 128 128 128 128 128 128 128 128 128 128 128 128 128 128 128 128 128 128 128 128 128 128 128 128 128
128 128 128 128 128 128 128 128 128 128 128 128 128 128 128 128 128 128 128 128 128 128 128 128 128 128 128 128 128 128 128 128 128 128 128
128 128 128 128 128 128 128 128 128 128 128 128 128 128 128 128 128 128 128 128 128 128 128 128 128 128 128 128 128 128 128 128 128 128 128
128 128 128 128 128 128 128 128 128 128 128 128 128 128 128 128 128 128 128 128 128 128 128 128 128 128 128 128 128 128 128 128 128 128 128
128 128 128 128 128 128 128 128 128 128 128 128 128 128 128 128 128 128 128 128 128 128 128 128 128 128 128 128 128 128 128 128 128 128 128
128 128 128 128 128 128 128 128 128 128 128 128 128 128 128 128 128 128 128 128 128 128 128 128 128 128 128 128 128 128 128 128 128 128 128
128 128 128 128 128 128 128 128 128 128 128 128 128 128 128 128 128 128 128 128 128 128 128 128 128 128 128 128 128 128 128 128 128 128 128
128 128 128 128 128 128 128 128 128 128 128 128 128 128 128 128 128 128 128 128 128 128 128 128 128 128 128 128 128 128 128 128 128 128 128
128 128 128 128 128 128 128 128 128 128 128 128 128 128 128 128 128 128 128 128 128 128 128 128 128 128 128 128 128 128 128 128 128 128 128
128 128 128 128 128 128 128 128 128 128 128 128 128 128 128 128 128 128 128 128 128 128 128 128 128 128 128 128 128 128 128 128 128 128 128
128 128 128 128 128 128 128 128 128 128 128 128 128 128 128 128 128 128 128 128 128 128 128 128 128 128 128 128 128 128 128 128 128 128 128
128 128 128 128 128 128 128 128 128 128 128 128 128 128 128 128 128 128 128 128 128 128 128 128 128 128 128 128 128 128 128 128 128 128 128
128 128 128 128 128 128 128 128 128 128 128 128 128 128 128 128 128 128 128 128 128 128 128 128 128 128 128 128 128 128 128 128 128 128 128
128 128 128 128 128 128 128 128 128 128 128 128 128 128 128 128 128 128 128 128 128 128 128 128 128 128 128 128 128 128 128 128 128 128 128
128 128 128 128 128 128 128 128 128 128 128 128 128 128 128 128 128 128 128 128 128 128 128 128 128 128 128 128 128 128 128 128 128 128 128
128 128 128 128 128 128 128 128 128 128 128 128 128 128 128 128 128 128 128 128 128 128 128 128 128 128 128 128 128 128 128 128 128 128 128
128 128 128 128 128 128 128 128 128 128 128 128 128 128 128 128 128 128 128 128 128 128 128 128 128 128 128 128 128 128 128 128 128 128 128
128 128 128 128 128 128 128 128 128 128 128 128 128 128 128 128 128 128 128 128 128 128 128 128 128 128 128 128 128 128 128 128 128 128 128
128 128 128 128 128 128 128 128 128 128 128 128 128 128 128 128 128 128 128 128 128 128 128 128 128 128 128 128 128 128 128 128 128 128 128
128 128 128 128 128 128 128 128 128 128 128 128 128 128 128 128 128 128 128 128 128 128 128 128 128 128 128 128 128 128 128 128 128 128 128
128 128 128 128 128 128 128 128 128 128 128 128 128 128 128 128 128 128 128 128 128 128 128 128 128 128 128 128 128 128 128 128 128 128 128
128 128 128 128 128 128 128 128 128 128 128 128 128 128 128 128 128 128 128 128 128 128 128 128 128 128 128 128 128 128 128 128 128 128 128
128 128 128 128 128 128 128 128 128 128 128 128 128 128 128 128 128 128 128 128 128 128 128 128 128 128 128 128 128 128 128 128 128 128 128
128 128 128 128 128 128 128 128 128 128 128 128 128 128 128 128 128 128 128 128 128 128 128 128 128 128 128 128 128 128 128 128 128 128 128
128 128 128 128 128 128 128 128 128 128 128 128 128 128 128 128 128 128 128 128 128 128 128 128 128 128 128 128 128 128 128 128 128 128 128
128 128 128 128 128 128 128 128 128 128 128 128 128 128 128 128 128 128 128 128 128 128 128 128 128 128 128 128 128 128 128 128 128 128 128
128 128 128 128 128 128 128 128 128 128 128 128 128 128 128 128 128 128 128 128 128 128 128 128 128 128 128 128 128 128 128 128 128 128 0
128 128 128 128 128 128 128 128 128 128 128 128 128 128 128 128 128 128 128 128 128 128 128 128 128 128 128 128 128 128 128 128 128 0 0
128 128 128 128 128 128 128 128 128 128 128 128 128 128 128 128 128 128 128 128 128 128 128 128 128 128 128 128 128 128 128 128 0 0 0
128 128 128 128 128 128 128 128 128 128 128 128 128 128 128 128 128 128 128 128 128 128 128 128 128 128 128 128 0 0 0 0 0 0 0
128 128 128 128 128 128 128 128 128 128 128 128 128 128 128 128 128 128 128 128 128 128 128 128 128 128 128 0 0 0 0 0 0 0 0
128 128 128 128 128 128 128 128 128 128 128 128 128 128 128 128 128 128 128 128 128 128 128 128 128 128 0 0 0 0 0 0 0 0 0
128 128 128 128 128 128 128 128 128 128 128 128 128 128 128 128 128 128 128 128 128 128 128 128 128 0 0 0 0 0 0 0 0 0 0
128 128 128 128 128 128 128 128 128 128 128 128 128 128 128 128 128 128 128 128 128 0 0 0 0 0 0 0 0 0 0 0 0 0 0
128 128 128 128 128 128 128 128 128 128 128 128 128 128 128 128 128 128 128 128 0 0 0 0 0 0 0 0 0 0 0 0 0 0 0
128 128 128 128 128 128 128 128 128 128 128 128 128 128 128 128 128 128 128 0 0 0 0 0 0 0 0 0 0 0 0 0 0 0 0
128 128 128 128 128 128 128 128 128 128 128 128 128 128 128 128 128 128 0 0 0 0 0 0 0 0 0 0 0 0 0 0 0 0 0
0 0 0 0 0 0 0 0 0 0 0 0 0 0 0 0 0 170 85 170 85 85 170 85 85 170 85 170 170 85 170 170 85 170 85
0 0 0 0 0 0 0 0 0 0 0 0 0 0 0 0 170 85 170 85 85 170 85 85 170 85 170 170 85 170 170 85 170 85 85
0 0 0 0 0 0 0 0 0 0 0 0 0 0 0 170 85 170 85 85 170 85 85 170 85 170 170 85 170 170 85 170 85 85 170
0 0 0 0 0 0 0 0 0 0 0 0 0 0 170 85 170 85 85 170 85 85 170 85 170 170 85 170 170 85 170 85 85 170 85
0 0 0 0 0 0 0 0 0 0 170 85 170 85 85 170 85 85 170 85 170 170 85 170 170 85 170 85 85 170 85 85 170 85 170
0 0 0 0 0 0 0 0 0 170 85 170 85 85 170 85 85 170 85 170 170 85 170 170 85 170 85 85 170 85 85 170 85 170 170
0 0 0 0 0 0 0 0 170 85 170 85 85 170 85 85 170 85 170 170 85 170 170 85 170 85 85 170 85 85 170 85 170 170 85
0 0 0 0 0 0 0 170 85 170 85 85 170 85 85 170 85 170 170 85 170 170 85 170 85 85 170 85 85 170 85 170 170 85 170
0 0 0 170 85 170 85 85 170 85 85 170 85 170 170 85 170 170 85 170 85 85 170 85 85 170 85 170 170 85 170 170 85 170 85
0 0 170 85 170 85 85 170 85 85 170 85 170 170 85 170 170 85 170 85 85 170 85 85 170 85 170 170 85 170 170 85 170 85 85
0 170 85 170 85 85 170 85 85 170 85 170 170 85 170 170 85 170 85 85 170 85 85 170 85 170 170 85 170 170 85 170 85 85 170
170 85 170 85 85 170 85 85 170 85 170 170 85 170 170 85 170 85 85 170 85 85 170 85 170 170 85 170 170 85 170 85 85 170 85
85 170 85 85 170 85 170 170 85 170 170 85 170 85 85 170 85 85 170 85 170 170 85 170 170 85 170 85 85 170 85 85 170 85 170
170 85 85 170 85 170 170 85 170 170 85 170 85 85 170 85 85 170 85 170 170 85 170 170 85 170 85 85 170 85 85 170 85 170 170
85 85 170 85 170 170 85 170 170 85 170 85 85 170 85 85 170 85 170 170 85 170 170 85 170 85 85 170 85 85 170 85 170 170 85
85 170 85 170 170 85 170 170 85 170 85 85 170 85 85 170 85 170 170 85 170 170 85 170 85 85 170 85 85 170 85 170 170 85 170
170 85 170 170 85 170 85 85 170 85 85 170 85 170 170 85 170 170 85 170 85 85 170 85 85 170 85 170 170 85 170 170 85 170 85
85 170 170 85 170 85 85 170 85 85 170 85 170 170 85 170 170 85 170 85 85 170 85 85 170 85 170 170 85 170 170 85 170 85 85
170 170 85 170 85 85 170 85 85 170 85 170 170 85 170 170 85 170 85 85 170 85 85 170 85 170 170 85 170 170 85 170 85 85 170
170 85 170 85 85 170 85 85 170 85 170 170 85 170 170 85 170 85 85 170 85 85 170 85 170 170 85 170 170 85 170 85 85 170 85
85 170 85 85 170 85 170 170 85 170 170 85 170 85 85 170 85 85 170 85 170 170 85 170 170 85 170 85 85 170 85 85 170 85 170
170 85 85 170 85 170 170 85 170 170 85 170 85 85 170 85 85 170 85 170 170 85 170 170 85 170 85 85 170 85 85 170 85 170 170
85 85 170 85 170 170 85 170 170 85 170 85 85 170 85 85 170 85 170 170 85 170 170 85 170 85 85 170 85 85 170 85 170 170 85
85 170 85 170 170 85 170 170 85 170 85 85 170 85 85 170 85 170 170 85 170 170 85 170 85 85 170 85 85 170 85 170 170 85 170
170 85 170 170 85 170 85 85 170 85 85 170 85 170 170 85 170 170 85 170 85 85 170 85 85 170 85 170 170 85 170 170 85 170 85
85 170 170 85 170 85 85 170 85 85 170 85 170 170 85 170 170 85 170 85 85 170 85 85 170 85 170 170 85 170 170 85 170 85 85
170 170 85 170 85 85 170 85 85 170 85 170 170 85 170 170 85 170 85 85 170 85 85 170 85 170 170 85 170 170 85 170 85 85 170
170 85 170 85 85 170 85 85 170 85 170 170 85 170 170 85 170 85 85 170 85 85 170 85 170 170 85 170 170 85 170 85 85 170 85
85 170 85 85 170 85 170 170 85 170 170 85 170 85 85 170 85 85 170 85 170 170 85 170 170 85 170 85 85 170 85 85 170 85 170
170 85 85 170 85 170 170 85 170 170 85 170 85 85 170 85 85 170 85 170 170 85 170 170 85 170 85 85 170 85 85 170 85 170 170
85 85 170 85 170 170 85 170 170 85 170 85 85 170 85 85 170 85 170 170 85 170 170 85 170 85 85 170 85 85 170 85 170 170 85
85 170 85 170 170 85 170 170 85 170 85 85 170 85 85 170 85 170 170 85 170 170 85 170 85 85 170 85 85 170 85 170 170 85 170
170 85 170 170 85 170 85 85 170 85 85 170 85 170 170 85 170 170 85 170 85 85 170 85 85 170 85 170 170 85 170 170 85 170 85
85 170 170 85 170 85 85 170 85 85 170 85 170 170 85 170 170 85 170 85 85 170 85 85 170 85 170 170 85 170 170 85 170 85 85
170 170 85 170 85 85 170 85 85 170 85 170 170 85 170 170 85 170 85 85 170 85 85 170 85 170 170 85 170 170 85 170 85 85 170
170 85 170 85 85 170 85 85 170 85 170 170 85 170 170 85 170 85 85 170 85 85 170 85 170 170 85 170 170 85 170 85 85 170 85
85 170 85 85 170 85 170 170 85 170 170 85 170 85 85 170 85 85 170 85 170 170 85 170 170 85 170 85 85 170 85 85 170 85 170
170 85 85 170 85 170 170 85 170 170 85 170 85 85 170 85 85 170 85 170 170 85 170 170 85 170 85 85 170 85 85 170 85 170 170
85 85 170 85 170 170 85 170 170 85 170 85 85 170 85 85 170 85 170 170 85 170 170 85 170 85 85 170 85 85 170 85 170 170 85
85 170 85 170 170 85 170 170 85 170 85 85 170 85 85 170 85 170 170 85 170 170 85 170 85 85 170 85 85 170 85 170 170 85 170
170 85 170 170 85 170 85 85 170 85 85 170 85 170 170 85 170 170 85 170 85 85 170 85 85 170 85 170 170 85 170 170 85 170 85
85 170 170 85 170 85 85 170 85 85 170 85 170 170 85 170 170 85 170 85 85 170 85 85 170 85 170 170 85 170 170 85 170 85 85
170 170 85 170 85 85 170 85 85 170 85 170 170 85 170 170 85 170 85 85 170 85 85 170 85 170 170 85 170 170 85 170 85 85 170
170 85 170 85 85 170 85 85 170 85 170 170 85 170 170 85 170 85 85 170 85 85 170 85 170 170 85 170 170 85 170 85 85 170 85
85 170 85 85 170 85 170 170 85 170 170 85 170 85 85 170 85 85 170 85 170 170 85 170 170 85 170 85 85 170 85 85 170 85 170
170 85 85 170 85 170 170 85 170 170 85 170 85 85 170 85 85 170 85 170 170 85 170 170 85 170 85 85 170 85 85 170 85 170 170
85 85 170 85 170 170 85 170 170 85 170 85 85 170 85 85 170 85 170 170 85 170 170 85 170 85 85 170 85 85 170 85 170 170 85
85 170 85 170 170 85 170 170 85 170 85 85 170 85 85 170 85 170 170 85 170 170 85 170 85 85 170 85 85 170 85 170 170 85 170
170 85 170 170 85 170 85 85 170 85 85 170 85 170 170 85 170 170 85 170 85 85 170 85 85 170 85 170 170 85 170 170 85 170 85
85 170 170 85 170 85 85 170 85 85 170 85 170 170 85 170 170 85 170 85 85 170 85 85 170 85 170 170 85 170 170 85 170 85 85
170 170 85 170 85 85 170 85 85 170 85 170 170 85 170 170 85 170 85 85 170 85 85 170 85 170 170 85 170 170 85 170 85 85 170
170 85 170 85 85 170 85 85 170 85 170 170 85 170 170 85 170 85 85 170 85 85 170 85 170 170 85 170 170 85 170 85 85 170 85
85 170 85 85 170 85 170 170 85 170 170 85 170 85 85 170 85 85 170 85 170 170 85 170 170 85 170 85 85 170 85 85 170 85 170
170 85 85 170 85 170 170 85 170 170 85 170 85 85 170 85 85 170 85 170 170 85 170 170 85 170 85 85 170 85 85 170 85 170 0
85 85 170 85 170 170 85 170 170 85 170 85 85 170 85 85 170 85 170 170 85 170 170 85 170 85 85 170 85 85 170 85 170 0 0
85 170 85 170 170 85 170 170 85 170 85 85 170 85 85 170 85 170 170 85 170 170 85 170 85 85 170 85 85 170 85 170 0 0 0
170 85 170 170 85 170 85 85 170 85 85 170 85 170 170 85 170 170 85 170 85 85 170 85 85 170 85 170 0 0 0 0 0 0 0
85 170 170 85 170 85 85 170 85 85 170 85 170 170 85 170 170 85 170 85 85 170 85 85 170 85 170 0 0 0 0 0 0 0 0
170 170 85 170 85 85 170 85 85 170 85 170 170 85 170 170 85 170 85 85 170 85 85 170 85 170 0 0 0 0 0 0 0 0 0
170 85 170 85 85 170 85 85 170 85 170 170 85 170 170 85 170 85 85 170 85 85 170 85 170 0 0 0 0 0 0 0 0 0 0
85 170 85 85 170 85 170 170 85 170 170 85 170 85 85 170 85 85 170 85 170 0 0 0 0 0 0 0 0 0 0 0 0 0 0
170 85 85 170 85 170 170 85 170 170 85 170 85 85 170 85 85 170 85 170 0 0 0 0 0 0 0 0 0 0 0 0 0 0 0
85 85 170 85 170 170 85 170 170 85 170 85 85 170 85 85 170 85 170 0 0 0 0 0 0 0 0 0 0 0 0 0 0 0 0
85 170 85 170 170 85 170 170 85 170 85 85 170 85 85 170 85 170 0 0 0 0 0 0 0 0 0 0 0 0 0 0 0 0 0
