0 0 0 0 0 0 0 0 0 0 0 0 0 0 0 0 0 0 1 2 3 0 1 2 3 4 5 6 3 4 5 6 7 8 0
0 0 0 0 0 0 0 0 0 0 0 0 0 0 0 0 0 1 2 3 4 1 2 3 4 5 6 7 4 5 6 7 8 0 0
0 0 0 0 0 0 0 0 0 0 0 0 0 0 0 0 1 2 3 4 5 2 3 4 5 6 7 8 5 6 7 8 0 0 0
0 0 0 0 0 0 0 0 0 0 0 1 2 3 0 1 2 3 4 5 6 3 4 5 6 7 8 0 0 0 0 0 0 0 0
0 0 0 0 0 0 0 0 0 0 1 2 3 4 1 2 3 4 5 6 7 4 5 6 7 8 0 0 0 0 0 0 0 0 0
0 0 0 0 0 0 0 0 0 1 2 3 4 5 2 3 4 5 6 7 8 5 6 7 8 0 0 0 0 0 0 0 0 0 0
0 0 0 0 1 2 3 0 1 2 3 4 5 6 3 4 5 6 7 8 0 0 0 0 0 0 0 0 0 0 0 0 0 0 0
0 0 0 1 2 3 4 1 2 3 4 5 6 7 4 5 6 7 8 0 0 0 0 0 0 0 0 0 0 0 0 0 0 0 0
0 0 1 2 3 4 5 2 3 4 5 6 7 8 5 6 7 8 0 0 0 0 0 0 0 0 0 0 0 0 0 0 0 0 0
0 0 0 0 0 0 0 0 0 0 0 0 0 0 0 0 0 128 128 128 128 128 128 128 128 128 128 128 128 128 128 128 128 128 0
0 0 0 0 0 0 0 0 0 0 0 0 0 0 0 0 128 128 128 128 128 128 128 128 128 128 128 128 128 128 128 128 128 0 0
0 0 0 0 0 0 0 0 0 0 0 0 0 0 0 128 128 128 128 128 128 128 128 128 128 128 128 128 128 128 128 128 0 0 0
0 0 0 0 0 0 0 0 0 0 128 128 128 128 128 128 128 128 128 128 128 128 128 128 128 128 128 0 0 0 0 0 0 0 0
0 0 0 0 0 0 0 0 0 128 128 128 128 128 128 128 128 128 128 128 128 128 128 128 128 128 0 0 0 0 0 0 0 0 0
0 0 0 0 0 0 0 0 128 128 128 128 128 128 128 128 128 128 128 128 128 128 128 128 128 0 0 0 0 0 0 0 0 0 0
0 0 0 128 128 128 128 128 128 128 128 128 128 128 128 128 128 128 128 128 0 0 0 0 0 0 0 0 0 0 0 0 0 0 0
0 0 128 128 128 128 128 128 128 128 128 128 128 128 128 128 128 128 128 0 0 0 0 0 0 0 0 0 0 0 0 0 0 0 0
0 128 128 128 128 128 128 128 128 128 128 128 128 128 128 128 128 128 0 0 0 0 0 0 0 0 0 0 0 0 0 0 0 0 0
0 0 0 0 0 0 0 0 0 0 0 0 0 0 0 0 0 170 85 170 85 170 85 170 85 170 85 170 85 170 85 170 85 170 0
0 0 0 0 0 0 0 0 0 0 0 0 0 0 0 0 170 85 170 85 170 85 170 85 170 85 170 85 170 85 170 85 170 0 0
0 0 0 0 0 0 0 0 0 0 0 0 0 0 0 170 85 170 85 170 85 170 85 170 85 170 85 170 85 170 85 170 0 0 0
0 0 0 0 0 0 0 0 0 0 170 85 170 85 170 85 170 85 170 85 170 85 170 85 170 85 170 0 0 0 0 0 0 0 0
0 0 0 0 0 0 0 0 0 170 85 170 85 170 85 170 85 170 85 170 85 170 85 170 85 170 0 0 0 0 0 0 0 0 0
0 0 0 0 0 0 0 0 170 85 170 85 170 85 170 85 170 85 170 85 170 85 170 85 170 0 0 0 0 0 0 0 0 0 0
0 0 0 170 85 170 85 170 85 170 85 170 85 170 85 170 85 170 85 170 0 0 0 0 0 0 0 0 0 0 0 0 0 0 0
0 0 170 85 170 85 170 85 170 85 170 85 170 85 170 85 170 85 170 0 0 0 0 0 0 0 0 0 0 0 0 0 0 0 0
0 170 85 170 85 170 85 170 85 170 85 170 85 170 85 170 85 170 0 0 0 0 0 0 0 0 0 0 0 0 0 0 0 0 0
