0 0 0 0 0 0 0 0 0 0 0 1 0 5 6 0 10 11 0 15 16
0 0 0 0 0 0 0 0 0 0 1 2 5 6 7 10 11 12 15 16 17
0 0 0 0 0 0 0 0 0 1 2 3 6 7 8 11 12 13 16 17 18
0 0 0 0 0 0 0 0 0 2 3 4 7 8 9 12 13 14 17 18 19
0 0 0 0 0 0 0 0 0 3 4 0 8 9 0 13 14 0 18 19 0
0 0 0 0 0 0 0 0 1 0 5 6 0 10 11 0 15 16 0 20 21
0 0 0 0 0 0 0 1 2 5 6 7 10 11 12 15 16 17 20 21 22
0 0 0 0 0 0 1 2 3 6 7 8 11 12 13 16 17 18 21 22 23
0 0 0 0 0 0 2 3 4 7 8 9 12 13 14 17 18 19 22 23 24
0 0 0 0 0 0 3 4 0 8 9 0 13 14 0 18 19 0 23 24 0
0 0 0 0 0 1 0 5 6 0 10 11 0 15 16 0 20 21 0 0 0
0 0 0 0 1 2 5 6 7 10 11 12 15 16 17 20 21 22 0 0 0
0 0 0 1 2 3 6 7 8 11 12 13 16 17 18 21 22 23 0 0 0
0 0 0 2 3 4 7 8 9 12 13 14 17 18 19 22 23 24 0 0 0
0 0 0 3 4 0 8 9 0 13 14 0 18 19 0 23 24 0 0 0 0
0 0 1 0 5 6 0 10 11 0 15 16 0 20 21 0 0 0 0 0 0
0 1 2 5 6 7 10 11 12 15 16 17 20 21 22 0 0 0 0 0 0
1 2 3 6 7 8 11 12 13 16 17 18 21 22 23 0 0 0 0 0 0
2 3 4 7 8 9 12 13 14 17 18 19 22 23 24 0 0 0 0 0 0
3 4 0 8 9 0 13 14 0 18 19 0 23 24 0 0 0 0 0 0 0
0 5 6 0 10 11 0 15 16 0 20 21 0 0 0 0 0 0 0 0 0
5 6 7 10 11 12 15 16 17 20 21 22 0 0 0 0 0 0 0 0 0
6 7 8 11 12 13 16 17 18 21 22 23 0 0 0 0 0 0 0 0 0
7 8 9 12 13 14 17 18 19 22 23 24 0 0 0 0 0 0 0 0 0
8 9 0 13 14 0 18 19 0 23 24 0 0 0 0 0 0 0 0 0 0
0 0 0 0 0 0 0 0 0 0 128 128 0 128 128 0 128 128 0 128 128
0 0 0 0 0 0 0 0 0 128 128 128 128 128 128 128 128 128 128 128 128
0 0 0 0 0 0 0 0 0 128 128 128 128 128 128 128 128 128 128 128 128
0 0 0 0 0 0 0 0 0 128 128 128 128 128 128 128 128 128 128 128 128
0 0 0 0 0 0 0 0 0 128 128 0 128 128 0 128 128 0 128 128 0
0 0 0 0 0 0 0 128 128 0 128 128 0 128 128 0 128 128 0 128 128
0 0 0 0 0 0 128 128 128 128 128 128 128 128 128 128 128 128 128 128 128
0 0 0 0 0 0 128 128 128 128 128 128 128 128 128 128 128 128 128 128 128
0 0 0 0 0 0 128 128 128 128 128 128 128 128 128 128 128 128 128 128 128
0 0 0 0 0 0 128 128 0 128 128 0 128 128 0 128 128 0 128 128 0
0 0 0 0 128 128 0 128 128 0 128 128 0 128 128 0 128 128 0 0 0
0 0 0 128 128 128 128 128 128 128 128 128 128 128 128 128 128 128 0 0 0
0 0 0 128 128 128 128 128 128 128 128 128 128 128 128 128 128 128 0 0 0
0 0 0 128 128 128 128 128 128 128 128 128 128 128 128 128 128 128 0 0 0
0 0 0 128 128 0 128 128 0 128 128 0 128 128 0 128 128 0 0 0 0
0 128 128 0 128 128 0 128 128 0 128 128 0 128 128 0 0 0 0 0 0
128 128 128 128 128 128 128 128 128 128 128 128 128 128 128 0 0 0 0 0 0
128 128 128 128 128 128 128 128 128 128 128 128 128 128 128 0 0 0 0 0 0
128 128 128 128 128 128 128 128 128 128 128 128 128 128 128 0 0 0 0 0 0
128 128 0 128 128 0 128 128 0 128 128 0 128 128 0 0 0 0 0 0 0
0 128 128 0 128 128 0 128 128 0 128 128 0 0 0 0 0 0 0 0 0
128 128 128 128 128 128 128 128 128 128 128 128 0 0 0 0 0 0 0 0 0
128 128 128 128 128 128 128 128 128 128 128 128 0 0 0 0 0 0 0 0 0
128 128 128 128 128 128 128 128 128 128 128 128 0 0 0 0 0 0 0 0 0
128 128 0 128 128 0 128 128 0 128 128 0 0 0 0 0 0 0 0 0 0
0 0 0 0 0 0 0 0 0 0 170 85 0 85 170 0 170 85 0 85 170
0 0 0 0 0 0 0 0 0 170 85 170 85 170 85 170 85 170 85 170 85
0 0 0 0 0 0 0 0 0 85 170 85 170 85 170 85 170 85 170 85 170
0 0 0 0 0 0 0 0 0 170 85 170 85 170 85 170 85 170 85 170 85
0 0 0 0 0 0 0 0 0 85 170 0 170 85 0 85 170 0 170 85 0
0 0 0 0 0 0 0 170 85 0 85 170 0 170 85 0 85 170 0 170 85
0 0 0 0 0 0 170 85 170 85 170 85 170 85 170 85 170 85 170 85 170
0 0 0 0 0 0 85 170 85 170 85 170 85 170 85 170 85 170 85 170 85
0 0 0 0 0 0 170 85 170 85 170 85 170 85 170 85 170 85 170 85 170
0 0 0 0 0 0 85 170 0 170 85 0 85 170 0 170 85 0 85 170 0
