0 0 0 0 0 0 0 0 0
0 0 0 0 0 0 257 0 0
0 0 0 0 0 0 514 257 0
0 0 0 0 0 0 771 514 257
0 0 0 0 0 0 1028 771 514
0 0 0 0 0 0 1285 1028 771
0 0 0 0 0 0 1542 1285 1028
0 0 0 0 0 0 1799 1542 1285
0 0 0 0 0 0 2056 0 0
0 0 0 257 0 0 2313 2056 0
0 0 0 514 257 0 2570 2313 2056
0 0 0 771 514 257 2827 2570 2313
0 0 0 1028 771 514 3084 2827 2570
0 0 0 1285 1028 771 3341 3084 2827
0 0 0 1542 1285 1028 3598 3341 3084
0 0 0 1799 1542 1285 3855 3598 3341
0 0 0 2056 0 0 4112 0 0
257 0 0 2313 2056 0 4369 4112 0
514 257 0 2570 2313 2056 4626 4369 4112
771 514 257 2827 2570 2313 4883 4626 4369
1028 771 514 3084 2827 2570 5140 4883 4626
1285 1028 771 3341 3084 2827 5397 5140 4883
1542 1285 1028 3598 3341 3084 5654 5397 5140
1799 1542 1285 3855 3598 3341 5911 5654 5397
2056 0 0 4112 0 0 6168 0 0
2313 2056 0 4369 4112 0 6425 6168 0
2570 2313 2056 4626 4369 4112 6682 6425 6168
2827 2570 2313 4883 4626 4369 6939 6682 6425
3084 2827 2570 5140 4883 4626 7196 6939 6682
3341 3084 2827 5397 5140 4883 7453 7196 6939
3598 3341 3084 5654 5397 5140 7710 7453 7196
3855 3598 3341 5911 5654 5397 7967 7710 7453
4112 0 0 6168 0 0 8224 0 0
4369 4112 0 6425 6168 0 8481 8224 0
4626 4369 4112 6682 6425 6168 8738 8481 8224
4883 4626 4369 6939 6682 6425 8995 8738 8481
5140 4883 4626 7196 6939 6682 9252 8995 8738
5397 5140 4883 7453 7196 6939 9509 9252 8995
5654 5397 5140 7710 7453 7196 9766 9509 9252
5911 5654 5397 7967 7710 7453 10023 9766 9509
6168 0 0 8224 0 0 10280 0 0
6425 6168 0 8481 8224 0 10537 10280 0
6682 6425 6168 8738 8481 8224 10794 10537 10280
6939 6682 6425 8995 8738 8481 11051 10794 10537
7196 6939 6682 9252 8995 8738 11308 11051 10794
7453 7196 6939 9509 9252 8995 11565 11308 11051
7710 7453 7196 9766 9509 9252 11822 11565 11308
7967 7710 7453 10023 9766 9509 12079 11822 11565
8224 0 0 10280 0 0 12336 0 0
8481 8224 0 10537 10280 0 12593 12336 0
8738 8481 8224 10794 10537 10280 12850 12593 12336
8995 8738 8481 11051 10794 10537 13107 12850 12593
9252 8995 8738 11308 11051 10794 13364 13107 12850
9509 9252 8995 11565 11308 11051 13621 13364 13107
9766 9509 9252 11822 11565 11308 13878 13621 13364
10023 9766 9509 12079 11822 11565 14135 13878 13621
10280 0 0 12336 0 0 14392 0 0
10537 10280 0 12593 12336 0 14649 14392 0
10794 10537 10280 12850 12593 12336 14906 14649 14392
11051 10794 10537 13107 12850 12593 15163 14906 14649
11308 11051 10794 13364 13107 12850 15420 15163 14906
11565 11308 11051 13621 13364 13107 15677 15420 15163
11822 11565 11308 13878 13621 13364 15934 15677 15420
12079 11822 11565 14135 13878 13621 16191 15934 15677
0 0 0 0 0 0 32896 0 0
0 0 0 0 0 0 32896 32896 0
0 0 0 0 0 0 32896 32896 32896
0 0 0 0 0 0 32896 32896 32896
0 0 0 0 0 0 32896 32896 32896
0 0 0 0 0 0 32896 32896 32896
0 0 0 0 0 0 32896 32896 32896
0 0 0 0 0 0 32896 32896 32896
0 0 0 32896 0 0 32896 0 0
0 0 0 32896 32896 0 32896 32896 0
0 0 0 32896 32896 32896 32896 32896 32896
0 0 0 32896 32896 32896 32896 32896 32896
0 0 0 32896 32896 32896 32896 32896 32896
0 0 0 32896 32896 32896 32896 32896 32896
0 0 0 32896 32896 32896 32896 32896 32896
0 0 0 32896 32896 32896 32896 32896 32896
32896 0 0 32896 0 0 32896 0 0
32896 32896 0 32896 32896 0 32896 32896 0
32896 32896 32896 32896 32896 32896 32896 32896 32896
32896 32896 32896 32896 32896 32896 32896 32896 32896
32896 32896 32896 32896 32896 32896 32896 32896 32896
32896 32896 32896 32896 32896 32896 32896 32896 32896
32896 32896 32896 32896 32896 32896 32896 32896 32896
32896 32896 32896 32896 32896 32896 32896 32896 32896
32896 0 0 32896 0 0 32896 0 0
32896 32896 0 32896 32896 0 32896 32896 0
32896 32896 32896 32896 32896 32896 32896 32896 32896
32896 32896 32896 32896 32896 32896 32896 32896 32896
32896 32896 32896 32896 32896 32896 32896 32896 32896
32896 32896 32896 32896 32896 32896 32896 32896 32896
32896 32896 32896 32896 32896 32896 32896 32896 32896
32896 32896 32896 32896 32896 32896 32896 32896 32896
32896 0 0 32896 0 0 32896 0 0
32896 32896 0 32896 32896 0 32896 32896 0
32896 32896 32896 32896 32896 32896 32896 32896 32896
32896 32896 32896 32896 32896 32896 32896 32896 32896
32896 32896 32896 32896 32896 32896 32896 32896 32896
32896 32896 32896 32896 32896 32896 32896 32896 32896
32896 32896 32896 32896 32896 32896 32896 32896 32896
32896 32896 32896 32896 32896 32896 32896 32896 32896
32896 0 0 32896 0 0 32896 0 0
32896 32896 0 32896 32896 0 32896 32896 0
32896 32896 32896 32896 32896 32896 32896 32896 32896
32896 32896 32896 32896 32896 32896 32896 32896 32896
32896 32896 32896 32896 32896 32896 32896 32896 32896
32896 32896 32896 32896 32896 32896 32896 32896 32896
32896 32896 32896 32896 32896 32896 32896 32896 32896
32896 32896 32896 32896 32896 32896 32896 32896 32896
32896 0 0 32896 0 0 32896 0 0
32896 32896 0 32896 32896 0 32896 32896 0
32896 32896 32896 32896 32896 32896 32896 32896 32896
32896 32896 32896 32896 32896 32896 32896 32896 32896
32896 32896 32896 32896 32896 32896 32896 32896 32896
32896 32896 32896 32896 32896 32896 32896 32896 32896
32896 32896 32896 32896 32896 32896 32896 32896 32896
32896 32896 32896 32896 32896 32896 32896 32896 32896
32896 0 0 32896 0 0 32896 0 0
32896 32896 0 32896 32896 0 32896 32896 0
32896 32896 32896 32896 32896 32896 32896 32896 32896
32896 32896 32896 32896 32896 32896 32896 32896 32896
32896 32896 32896 32896 32896 32896 32896 32896 32896
32896 32896 32896 32896 32896 32896 32896 32896 32896
32896 32896 32896 32896 32896 32896 32896 32896 32896
32896 32896 32896 32896 32896 32896 32896 32896 32896
0 0 0 0 0 0 43690 0 0
0 0 0 0 0 0 21845 43690 0
0 0 0 0 0 0 43690 21845 43690
0 0 0 0 0 0 21845 43690 21845
0 0 0 0 0 0 43690 21845 43690
0 0 0 0 0 0 21845 43690 21845
0 0 0 0 0 0 43690 21845 43690
0 0 0 0 0 0 21845 43690 21845
0 0 0 43690 0 0 21845 0 0
0 0 0 21845 43690 0 43690 21845 0
0 0 0 43690 21845 43690 21845 43690 21845
0 0 0 21845 43690 21845 43690 21845 43690
0 0 0 43690 21845 43690 21845 43690 21845
0 0 0 21845 43690 21845 43690 21845 43690
0 0 0 43690 21845 43690 21845 43690 21845
0 0 0 21845 43690 21845 43690 21845 43690
43690 0 0 21845 0 0 43690 0 0
21845 43690 0 43690 21845 0 21845 43690 0
43690 21845 43690 21845 43690 21845 43690 21845 43690
21845 43690 21845 43690 21845 43690 21845 43690 21845
43690 21845 43690 21845 43690 21845 43690 21845 43690
21845 43690 21845 43690 21845 43690 21845 43690 21845
43690 21845 43690 21845 43690 21845 43690 21845 43690
21845 43690 21845 43690 21845 43690 21845 43690 21845
21845 0 0 43690 0 0 21845 0 0
43690 21845 0 21845 43690 0 43690 21845 0
21845 43690 21845 43690 21845 43690 21845 43690 21845
43690 21845 43690 21845 43690 21845 43690 21845 43690
21845 43690 21845 43690 21845 43690 21845 43690 21845
43690 21845 43690 21845 43690 21845 43690 21845 43690
21845 43690 21845 43690 21845 43690 21845 43690 21845
43690 21845 43690 21845 43690 21845 43690 21845 43690
43690 0 0 21845 0 0 43690 0 0
21845 43690 0 43690 21845 0 21845 43690 0
43690 21845 43690 21845 43690 21845 43690 21845 43690
21845 43690 21845 43690 21845 43690 21845 43690 21845
43690 21845 43690 21845 43690 21845 43690 21845 43690
21845 43690 21845 43690 21845 43690 21845 43690 21845
43690 21845 43690 21845 43690 21845 43690 21845 43690
21845 43690 21845 43690 21845 43690 21845 43690 21845
21845 0 0 43690 0 0 21845 0 0
43690 21845 0 21845 43690 0 43690 21845 0
21845 43690 21845 43690 21845 43690 21845 43690 21845
43690 21845 43690 21845 43690 21845 43690 21845 43690
21845 43690 21845 43690 21845 43690 21845 43690 21845
43690 21845 43690 21845 43690 21845 43690 21845 43690
21845 43690 21845 43690 21845 43690 21845 43690 21845
43690 21845 43690 21845 43690 21845 43690 21845 43690
43690 0 0 21845 0 0 43690 0 0
21845 43690 0 43690 21845 0 21845 43690 0
43690 21845 43690 21845 43690 21845 43690 21845 43690
21845 43690 21845 43690 21845 43690 21845 43690 21845
43690 21845 43690 21845 43690 21845 43690 21845 43690
21845 43690 21845 43690 21845 43690 21845 43690 21845
43690 21845 43690 21845 43690 21845 43690 21845 43690
21845 43690 21845 43690 21845 43690 21845 43690 21845
21845 0 0 43690 0 0 21845 0 0
43690 21845 0 21845 43690 0 43690 21845 0
21845 43690 21845 43690 21845 43690 21845 43690 21845
43690 21845 43690 21845 43690 21845 43690 21845 43690
21845 43690 21845 43690 21845 43690 21845 43690 21845
43690 21845 43690 21845 43690 21845 43690 21845 43690
21845 43690 21845 43690 21845 43690 21845 43690 21845
43690 21845 43690 21845 43690 21845 43690 21845 43690
