0 0 0 0 0 0 0 0 0 0 0 1 7 8 9 15 16 17 23 24 25
0 0 0 0 0 0 0 0 0 0 1 2 8 9 10 16 17 18 24 25 26
0 0 0 0 0 0 0 0 0 1 2 3 9 10 11 17 18 19 25 26 27
0 0 0 0 0 0 0 0 0 2 3 4 10 11 12 18 19 20 26 27 28
0 0 0 0 0 0 0 0 0 3 4 5 11 12 13 19 20 21 27 28 29
0 0 0 0 0 0 0 0 0 4 5 6 12 13 14 20 21 22 28 29 30
0 0 0 0 0 0 0 0 0 5 6 7 13 14 15 21 22 23 29 30 31
0 0 0 0 0 0 0 0 0 6 7 8 14 15 16 22 23 24 30 31 32
0 0 0 0 0 0 0 0 1 7 8 9 15 16 17 23 24 25 31 32 33
0 0 0 0 0 0 0 1 2 8 9 10 16 17 18 24 25 26 32 33 34
0 0 0 0 0 0 1 2 3 9 10 11 17 18 19 25 26 27 33 34 35
0 0 0 0 0 0 2 3 4 10 11 12 18 19 20 26 27 28 34 35 36
0 0 0 0 0 0 3 4 5 11 12 13 19 20 21 27 28 29 35 36 37
0 0 0 0 0 0 4 5 6 12 13 14 20 21 22 28 29 30 36 37 38
0 0 0 0 0 0 5 6 7 13 14 15 21 22 23 29 30 31 37 38 39
0 0 0 0 0 0 6 7 8 14 15 16 22 23 24 30 31 32 38 39 40
0 0 0 0 0 1 7 8 9 15 16 17 23 24 25 31 32 33 39 40 41
0 0 0 0 1 2 8 9 10 16 17 18 24 25 26 32 33 34 40 41 42
0 0 0 1 2 3 9 10 11 17 18 19 25 26 27 33 34 35 41 42 43
0 0 0 2 3 4 10 11 12 18 19 20 26 27 28 34 35 36 42 43 44
0 0 0 3 4 5 11 12 13 19 20 21 27 28 29 35 36 37 43 44 45
0 0 0 4 5 6 12 13 14 20 21 22 28 29 30 36 37 38 44 45 46
0 0 0 5 6 7 13 14 15 21 22 23 29 30 31 37 38 39 45 46 47
0 0 0 6 7 8 14 15 16 22 23 24 30 31 32 38 39 40 46 47 48
0 0 1 7 8 9 15 16 17 23 24 25 31 32 33 39 40 41 47 48 49
0 1 2 8 9 10 16 17 18 24 25 26 32 33 34 40 41 42 48 49 50
1 2 3 9 10 11 17 18 19 25 26 27 33 34 35 41 42 43 49 50 51
2 3 4 10 11 12 18 19 20 26 27 28 34 35 36 42 43 44 50 51 52
3 4 5 11 12 13 19 20 21 27 28 29 35 36 37 43 44 45 51 52 53
4 5 6 12 13 14 20 21 22 28 29 30 36 37 38 44 45 46 52 53 54
5 6 7 13 14 15 21 22 23 29 30 31 37 38 39 45 46 47 53 54 55
6 7 8 14 15 16 22 23 24 30 31 32 38 39 40 46 47 48 54 55 56
7 8 9 15 16 17 23 24 25 31 32 33 39 40 41 47 48 49 55 56 57
8 9 10 16 17 18 24 25 26 32 33 34 40 41 42 48 49 50 56 57 58
9 10 11 17 18 19 25 26 27 33 34 35 41 42 43 49 50 51 57 58 59
10 11 12 18 19 20 26 27 28 34 35 36 42 43 44 50 51 52 58 59 60
11 12 13 19 20 21 27 28 29 35 36 37 43 44 45 51 52 53 59 60 61
12 13 14 20 21 22 28 29 30 36 37 38 44 45 46 52 53 54 60 61 62
13 14 15 21 22 23 29 30 31 37 38 39 45 46 47 53 54 55 61 62 63
14 15 16 22 23 24 30 31 32 38 39 40 46 47 48 54 55 56 62 63 128
15 16 17 23 24 25 31 32 33 39 40 41 47 48 49 55 56 57 63 128 128
16 17 18 24 25 26 32 33 34 40 41 42 48 49 50 56 57 58 128 128 128
17 18 19 25 26 27 33 34 35 41 42 43 49 50 51 57 58 59 128 128 128
18 19 20 26 27 28 34 35 36 42 43 44 50 51 52 58 59 60 128 128 128
19 20 21 27 28 29 35 36 37 43 44 45 51 52 53 59 60 61 128 128 128
20 21 22 28 29 30 36 37 38 44 45 46 52 53 54 60 61 62 128 128 128
21 22 23 29 30 31 37 38 39 45 46 47 53 54 55 61 62 63 128 128 128
22 23 24 30 31 32 38 39 40 46 47 48 54 55 56 62 63 128 128 128 128
23 24 25 31 32 33 39 40 41 47 48 49 55 56 57 63 128 128 128 128 128
24 25 26 32 33 34 40 41 42 48 49 50 56 57 58 128 128 128 128 128 128
25 26 27 33 34 35 41 42 43 49 50 51 57 58 59 128 128 128 128 128 128
26 27 28 34 35 36 42 43 44 50 51 52 58 59 60 128 128 128 128 128 128
27 28 29 35 36 37 43 44 45 51 52 53 59 60 61 128 128 128 128 128 128
28 29 30 36 37 38 44 45 46 52 53 54 60 61 62 128 128 128 128 128 128
29 30 31 37 38 39 45 46 47 53 54 55 61 62 63 128 128 128 128 128 128
30 31 32 38 39 40 46 47 48 54 55 56 62 63 128 128 128 128 128 128 128
31 32 33 39 40 41 47 48 49 55 56 57 63 128 128 128 128 128 128 128 128
32 33 34 40 41 42 48 49 50 56 57 58 128 128 128 128 128 128 128 128 128
33 34 35 41 42 43 49 50 51 57 58 59 128 128 128 128 128 128 128 128 128
34 35 36 42 43 44 50 51 52 58 59 60 128 128 128 128 128 128 128 128 128
35 36 37 43 44 45 51 52 53 59 60 61 128 128 128 128 128 128 128 128 128
36 37 38 44 45 46 52 53 54 60 61 62 128 128 128 128 128 128 128 128 128
37 38 39 45 46 47 53 54 55 61 62 63 128 128 128 128 128 128 128 128 128
38 39 40 46 47 48 54 55 56 62 63 128 128 128 128 128 128 128 128 128 128
39 40 41 47 48 49 55 56 57 63 128 128 128 128 128 128 128 128 128 128 128
40 41 42 48 49 50 56 57 58 128 128 128 128 128 128 128 128 128 128 128 128
41 42 43 49 50 51 57 58 59 128 128 128 128 128 128 128 128 128 128 128 128
42 43 44 50 51 52 58 59 60 128 128 128 128 128 128 128 128 128 128 128 128
43 44 45 51 52 53 59 60 61 128 128 128 128 128 128 128 128 128 128 128 128
44 45 46 52 53 54 60 61 62 128 128 128 128 128 128 128 128 128 128 128 128
45 46 47 53 54 55 61 62 63 128 128 128 128 128 128 128 128 128 128 128 128
46 47 48 54 55 56 62 63 128 128 128 128 128 128 128 128 128 128 128 128 128
47 48 49 55 56 57 63 128 128 128 128 128 128 128 128 128 128 128 128 128 128
48 49 50 56 57 58 128 128 128 128 128 128 128 128 128 128 128 128 128 128 128
49 50 51 57 58 59 128 128 128 128 128 128 128 128 128 128 128 128 128 128 128
50 51 52 58 59 60 128 128 128 128 128 128 128 128 128 128 128 128 128 128 128
51 52 53 59 60 61 128 128 128 128 128 128 128 128 128 128 128 128 128 128 128
52 53 54 60 61 62 128 128 128 128 128 128 128 128 128 128 128 128 128 128 128
53 54 55 61 62 63 128 128 128 128 128 128 128 128 128 128 128 128 128 128 128
54 55 56 62 63 128 128 128 128 128 128 128 128 128 128 128 128 128 128 128 128
55 56 57 63 128 128 128 128 128 128 128 128 128 128 128 128 128 128 128 128 128
56 57 58 128 128 128 128 128 128 128 128 128 128 128 128 128 128 128 128 128 128
57 58 59 128 128 128 128 128 128 128 128 128 128 128 128 128 128 128 128 128 128
58 59 60 128 128 128 128 128 128 128 128 128 128 128 128 128 128 128 128 128 128
59 60 61 128 128 128 128 128 128 128 128 128 128 128 128 128 128 128 128 128 128
60 61 62 128 128 128 128 128 128 128 128 128 128 128 128 128 128 128 128 128 128
61 62 63 128 128 128 128 128 128 128 128 128 128 128 128 128 128 128 128 128 128
62 63 128 128 128 128 128 128 128 128 128 128 128 128 128 128 128 128 128 128 128
63 128 128 128 128 128 128 128 128 128 128 128 128 128 128 128 128 128 128 128 128
128 128 128 128 128 128 128 128 128 128 128 128 128 128 128 128 128 128 128 128 128
128 128 128 128 128 128 128 128 128 128 128 128 128 128 128 128 128 128 128 128 128
128 128 128 128 128 128 128 128 128 128 128 128 128 128 128 128 128 128 128 128 128
128 128 128 128 128 128 128 128 128 128 128 128 128 128 128 128 128 128 128 128 128
128 128 128 128 128 128 128 128 128 128 128 128 128 128 128 128 128 128 128 128 128
128 128 128 128 128 128 128 128 128 128 128 128 128 128 128 128 128 128 128 128 128
128 128 128 128 128 128 128 128 128 128 128 128 128 128 128 128 128 128 128 128 128
128 128 128 128 128 128 128 128 128 128 128 128 128 128 128 128 128 128 128 128 128
128 128 128 128 128 128 128 128 128 128 128 128 128 128 128 128 128 128 128 128 128
128 128 128 128 128 128 128 128 128 128 128 128 128 128 128 128 128 128 128 128 128
128 128 128 128 128 128 128 128 128 128 128 128 128 128 128 128 128 128 128 128 128
128 128 128 128 128 128 128 128 128 128 128 128 128 128 128 128 128 128 128 128 128
128 128 128 128 128 128 128 128 128 128 128 128 128 128 128 128 128 128 128 128 128
128 128 128 128 128 128 128 128 128 128 128 128 128 128 128 128 128 128 128 128 128
128 128 128 128 128 128 128 128 128 128 128 128 128 128 128 128 128 128 128 128 170
128 128 128 128 128 128 128 128 128 128 128 128 128 128 128 128 128 128 128 170 85
128 128 128 128 128 128 128 128 128 128 128 128 128 128 128 128 128 128 170 85 170
128 128 128 128 128 128 128 128 128 128 128 128 128 128 128 128 128 128 85 170 85
128 128 128 128 128 128 128 128 128 128 128 128 128 128 128 128 128 128 170 85 170
128 128 128 128 128 128 128 128 128 128 128 128 128 128 128 128 128 128 85 170 85
128 128 128 128 128 128 128 128 128 128 128 128 128 128 128 128 128 128 170 85 170
128 128 128 128 128 128 128 128 128 128 128 128 128 128 128 128 128 128 85 170 85
128 128 128 128 128 128 128 128 128 128 128 128 128 128 128 128 128 170 170 85 85
128 128 128 128 128 128 128 128 128 128 128 128 128 128 128 128 170 85 85 85 170
128 128 128 128 128 128 128 128 128 128 128 128 128 128 128 170 85 170 85 170 85
128 128 128 128 128 128 128 128 128 128 128 128 128 128 128 85 170 85 170 85 170
128 128 128 128 128 128 128 128 128 128 128 128 128 128 128 170 85 170 85 170 85
128 128 128 128 128 128 128 128 128 128 128 128 128 128 128 85 170 85 170 85 170
128 128 128 128 128 128 128 128 128 128 128 128 128 128 128 170 85 170 85 170 85
128 128 128 128 128 128 128 128 128 128 128 128 128 128 128 85 170 85 170 85 170
128 128 128 128 128 128 128 128 128 128 128 128 128 128 170 170 85 85 85 170 170
128 128 128 128 128 128 128 128 128 128 128 128 128 170 85 85 85 170 170 170 85
128 128 128 128 128 128 128 128 128 128 128 128 170 85 170 85 170 85 170 85 170
128 128 128 128 128 128 128 128 128 128 128 128 85 170 85 170 85 170 85 170 85
128 128 128 128 128 128 128 128 128 128 128 128 170 85 170 85 170 85 170 85 170
128 128 128 128 128 128 128 128 128 128 128 128 85 170 85 170 85 170 85 170 85
128 128 128 128 128 128 128 128 128 128 128 128 170 85 170 85 170 85 170 85 170
128 128 128 128 128 128 128 128 128 128 128 128 85 170 85 170 85 170 85 170 85
128 128 128 128 128 128 128 128 128 128 128 170 170 85 85 85 170 170 170 85 85
128 128 128 128 128 128 128 128 128 128 170 85 85 85 170 170 170 85 85 85 170
128 128 128 128 128 128 128 128 128 170 85 170 85 170 85 170 85 170 85 170 85
128 128 128 128 128 128 128 128 128 85 170 85 170 85 170 85 170 85 170 85 170
128 128 128 128 128 128 128 128 128 170 85 170 85 170 85 170 85 170 85 170 85
128 128 128 128 128 128 128 128 128 85 170 85 170 85 170 85 170 85 170 85 170
128 128 128 128 128 128 128 128 128 170 85 170 85 170 85 170 85 170 85 170 85
128 128 128 128 128 128 128 128 128 85 170 85 170 85 170 85 170 85 170 85 170
128 128 128 128 128 128 128 128 170 170 85 85 85 170 170 170 85 85 85 170 170
128 128 128 128 128 128 128 170 85 85 85 170 170 170 85 85 85 170 170 170 85
128 128 128 128 128 128 170 85 170 85 170 85 170 85 170 85 170 85 170 85 170
128 128 128 128 128 128 85 170 85 170 85 170 85 170 85 170 85 170 85 170 85
128 128 128 128 128 128 170 85 170 85 170 85 170 85 170 85 170 85 170 85 170
128 128 128 128 128 128 85 170 85 170 85 170 85 170 85 170 85 170 85 170 85
128 128 128 128 128 128 170 85 170 85 170 85 170 85 170 85 170 85 170 85 170
128 128 128 128 128 128 85 170 85 170 85 170 85 170 85 170 85 170 85 170 85
128 128 128 128 128 170 170 85 85 85 170 170 170 85 85 85 170 170 170 85 85
128 128 128 128 170 85 85 85 170 170 170 85 85 85 170 170 170 85 85 85 170
128 128 128 170 85 170 85 170 85 170 85 170 85 170 85 170 85 170 85 170 85
128 128 128 85 170 85 170 85 170 85 170 85 170 85 170 85 170 85 170 85 170
128 128 128 170 85 170 85 170 85 170 85 170 85 170 85 170 85 170 85 170 85
128 128 128 85 170 85 170 85 170 85 170 85 170 85 170 85 170 85 170 85 170
128 128 128 170 85 170 85 170 85 170 85 170 85 170 85 170 85 170 85 170 85
128 128 128 85 170 85 170 85 170 85 170 85 170 85 170 85 170 85 170 85 170
128 128 170 170 85 85 85 170 170 170 85 85 85 170 170 170 85 85 85 170 170
128 170 85 85 85 170 170 170 85 85 85 170 170 170 85 85 85 170 170 170 85
170 85 170 85 170 85 170 85 170 85 170 85 170 85 170 85 170 85 170 85 170
85 170 85 170 85 170 85 170 85 170 85 170 85 170 85 170 85 170 85 170 85
170 85 170 85 170 85 170 85 170 85 170 85 170 85 170 85 170 85 170 85 170
85 170 85 170 85 170 85 170 85 170 85 170 85 170 85 170 85 170 85 170 85
170 85 170 85 170 85 170 85 170 85 170 85 170 85 170 85 170 85 170 85 170
85 170 85 170 85 170 85 170 85 170 85 170 85 170 85 170 85 170 85 170 85
170 85 85 85 170 170 170 85 85 85 170 170 170 85 85 85 170 170 170 85 85
85 85 170 170 170 85 85 85 170 170 170 85 85 85 170 170 170 85 85 85 170
85 170 85 170 85 170 85 170 85 170 85 170 85 170 85 170 85 170 85 170 85
170 85 170 85 170 85 170 85 170 85 170 85 170 85 170 85 170 85 170 85 170
85 170 85 170 85 170 85 170 85 170 85 170 85 170 85 170 85 170 85 170 85
170 85 170 85 170 85 170 85 170 85 170 85 170 85 170 85 170 85 170 85 170
85 170 85 170 85 170 85 170 85 170 85 170 85 170 85 170 85 170 85 170 85
170 85 170 85 170 85 170 85 170 85 170 85 170 85 170 85 170 85 170 85 170
85 170 170 170 85 85 85 170 170 170 85 85 85 170 170 170 85 85 85 170 0
