0 0 0 0 0 0 0 0 0 0 0 1 15 16 17 31 32 33 47 48 49
0 0 0 0 0 0 0 0 0 0 1 2 16 17 18 32 33 34 48 49 50
0 0 0 0 0 0 0 0 0 1 2 3 17 18 19 33 34 35 49 50 51
0 0 0 0 0 0 0 0 0 2 3 4 18 19 20 34 35 36 50 51 52
0 0 0 0 0 0 0 0 0 3 4 5 19 20 21 35 36 37 51 52 53
0 0 0 0 0 0 0 0 0 4 5 6 20 21 22 36 37 38 52 53 54
0 0 0 0 0 0 0 0 0 5 6 7 21 22 23 37 38 39 53 54 55
0 0 0 0 0 0 0 0 0 6 7 8 22 23 24 38 39 40 54 55 56
0 0 0 0 0 0 0 0 0 7 8 9 23 24 25 39 40 41 55 56 57
0 0 0 0 0 0 0 0 0 8 9 10 24 25 26 40 41 42 56 57 58
0 0 0 0 0 0 0 0 0 9 10 11 25 26 27 41 42 43 57 58 59
0 0 0 0 0 0 0 0 0 10 11 12 26 27 28 42 43 44 58 59 60
0 0 0 0 0 0 0 0 0 11 12 13 27 28 29 43 44 45 59 60 61
0 0 0 0 0 0 0 0 0 12 13 14 28 29 30 44 45 46 60 61 62
0 0 0 0 0 0 0 0 0 13 14 15 29 30 31 45 46 47 61 62 63
0 0 0 0 0 0 0 0 0 14 15 16 30 31 32 46 47 48 62 63 128
0 0 0 0 0 0 0 0 1 15 16 17 31 32 33 47 48 49 63 128 128
0 0 0 0 0 0 0 1 2 16 17 18 32 33 34 48 49 50 128 128 128
0 0 0 0 0 0 1 2 3 17 18 19 33 34 35 49 50 51 128 128 128
0 0 0 0 0 0 2 3 4 18 19 20 34 35 36 50 51 52 128 128 128
0 0 0 0 0 0 3 4 5 19 20 21 35 36 37 51 52 53 128 128 128
0 0 0 0 0 0 4 5 6 20 21 22 36 37 38 52 53 54 128 128 128
0 0 0 0 0 0 5 6 7 21 22 23 37 38 39 53 54 55 128 128 128
0 0 0 0 0 0 6 7 8 22 23 24 38 39 40 54 55 56 128 128 128
0 0 0 0 0 0 7 8 9 23 24 25 39 40 41 55 56 57 128 128 128
0 0 0 0 0 0 8 9 10 24 25 26 40 41 42 56 57 58 128 128 128
0 0 0 0 0 0 9 10 11 25 26 27 41 42 43 57 58 59 128 128 128
0 0 0 0 0 0 10 11 12 26 27 28 42 43 44 58 59 60 128 128 128
0 0 0 0 0 0 11 12 13 27 28 29 43 44 45 59 60 61 128 128 128
0 0 0 0 0 0 12 13 14 28 29 30 44 45 46 60 61 62 128 128 128
0 0 0 0 0 0 13 14 15 29 30 31 45 46 47 61 62 63 128 128 128
0 0 0 0 0 0 14 15 16 30 31 32 46 47 48 62 63 128 128 128 128
0 0 0 0 0 1 15 16 17 31 32 33 47 48 49 63 128 128 128 128 128
0 0 0 0 1 2 16 17 18 32 33 34 48 49 50 128 128 128 128 128 128
0 0 0 1 2 3 17 18 19 33 34 35 49 50 51 128 128 128 128 128 128
0 0 0 2 3 4 18 19 20 34 35 36 50 51 52 128 128 128 128 128 128
0 0 0 3 4 5 19 20 21 35 36 37 51 52 53 128 128 128 128 128 128
0 0 0 4 5 6 20 21 22 36 37 38 52 53 54 128 128 128 128 128 128
0 0 0 5 6 7 21 22 23 37 38 39 53 54 55 128 128 128 128 128 128
0 0 0 6 7 8 22 23 24 38 39 40 54 55 56 128 128 128 128 128 128
0 0 0 7 8 9 23 24 25 39 40 41 55 56 57 128 128 128 128 128 128
0 0 0 8 9 10 24 25 26 40 41 42 56 57 58 128 128 128 128 128 128
0 0 0 9 10 11 25 26 27 41 42 43 57 58 59 128 128 128 128 128 128
0 0 0 10 11 12 26 27 28 42 43 44 58 59 60 128 128 128 128 128 128
0 0 0 11 12 13 27 28 29 43 44 45 59 60 61 128 128 128 128 128 128
0 0 0 12 13 14 28 29 30 44 45 46 60 61 62 128 128 128 128 128 128
0 0 0 13 14 15 29 30 31 45 46 47 61 62 63 128 128 128 128 128 128
0 0 0 14 15 16 30 31 32 46 47 48 62 63 128 128 128 128 128 128 128
0 0 1 15 16 17 31 32 33 47 48 49 63 128 128 128 128 128 128 128 128
0 1 2 16 17 18 32 33 34 48 49 50 128 128 128 128 128 128 128 128 128
1 2 3 17 18 19 33 34 35 49 50 51 128 128 128 128 128 128 128 128 128
2 3 4 18 19 20 34 35 36 50 51 52 128 128 128 128 128 128 128 128 128
3 4 5 19 20 21 35 36 37 51 52 53 128 128 128 128 128 128 128 128 128
4 5 6 20 21 22 36 37 38 52 53 54 128 128 128 128 128 128 128 128 128
5 6 7 21 22 23 37 38 39 53 54 55 128 128 128 128 128 128 128 128 128
6 7 8 22 23 24 38 39 40 54 55 56 128 128 128 128 128 128 128 128 128
7 8 9 23 24 25 39 40 41 55 56 57 128 128 128 128 128 128 128 128 128
8 9 10 24 25 26 40 41 42 56 57 58 128 128 128 128 128 128 128 128 128
9 10 11 25 26 27 41 42 43 57 58 59 128 128 128 128 128 128 128 128 128
10 11 12 26 27 28 42 43 44 58 59 60 128 128 128 128 128 128 128 128 128
11 12 13 27 28 29 43 44 45 59 60 61 128 128 128 128 128 128 128 128 128
12 13 14 28 29 30 44 45 46 60 61 62 128 128 128 128 128 128 128 128 128
13 14 15 29 30 31 45 46 47 61 62 63 128 128 128 128 128 128 128 128 128
14 15 16 30 31 32 46 47 48 62 63 128 128 128 128 128 128 128 128 128 128
15 16 17 31 32 33 47 48 49 63 128 128 128 128 128 128 128 128 128 128 128
16 17 18 32 33 34 48 49 50 128 128 128 128 128 128 128 128 128 128 128 128
17 18 19 33 34 35 49 50 51 128 128 128 128 128 128 128 128 128 128 128 128
18 19 20 34 35 36 50 51 52 128 128 128 128 128 128 128 128 128 128 128 128
19 20 21 35 36 37 51 52 53 128 128 128 128 128 128 128 128 128 128 128 128
20 21 22 36 37 38 52 53 54 128 128 128 128 128 128 128 128 128 128 128 128
21 22 23 37 38 39 53 54 55 128 128 128 128 128 128 128 128 128 128 128 128
22 23 24 38 39 40 54 55 56 128 128 128 128 128 128 128 128 128 128 128 128
23 24 25 39 40 41 55 56 57 128 128 128 128 128 128 128 128 128 128 128 128
24 25 26 40 41 42 56 57 58 128 128 128 128 128 128 128 128 128 128 128 128
25 26 27 41 42 43 57 58 59 128 128 128 128 128 128 128 128 128 128 128 128
26 27 28 42 43 44 58 59 60 128 128 128 128 128 128 128 128 128 128 128 128
27 28 29 43 44 45 59 60 61 128 128 128 128 128 128 128 128 128 128 128 128
28 29 30 44 45 46 60 61 62 128 128 128 128 128 128 128 128 128 128 128 128
29 30 31 45 46 47 61 62 63 128 128 128 128 128 128 128 128 128 128 128 128
30 31 32 46 47 48 62 63 128 128 128 128 128 128 128 128 128 128 128 128 170
31 32 33 47 48 49 63 128 128 128 128 128 128 128 128 128 128 128 128 170 85
32 33 34 48 49 50 128 128 128 128 128 128 128 128 128 128 128 128 170 85 170
33 34 35 49 50 51 128 128 128 128 128 128 128 128 128 128 128 128 85 170 85
34 35 36 50 51 52 128 128 128 128 128 128 128 128 128 128 128 128 170 85 170
35 36 37 51 52 53 128 128 128 128 128 128 128 128 128 128 128 128 85 170 85
36 37 38 52 53 54 128 128 128 128 128 128 128 128 128 128 128 128 170 85 170
37 38 39 53 54 55 128 128 128 128 128 128 128 128 128 128 128 128 85 170 85
38 39 40 54 55 56 128 128 128 128 128 128 128 128 128 128 128 128 170 85 170
39 40 41 55 56 57 128 128 128 128 128 128 128 128 128 128 128 128 85 170 85
40 41 42 56 57 58 128 128 128 128 128 128 128 128 128 128 128 128 170 85 170
41 42 43 57 58 59 128 128 128 128 128 128 128 128 128 128 128 128 85 170 85
42 43 44 58 59 60 128 128 128 128 128 128 128 128 128 128 128 128 170 85 170
43 44 45 59 60 61 128 128 128 128 128 128 128 128 128 128 128 128 85 170 85
44 45 46 60 61 62 128 128 128 128 128 128 128 128 128 128 128 128 170 85 170
45 46 47 61 62 63 128 128 128 128 128 128 128 128 128 128 128 128 85 170 85
46 47 48 62 63 128 128 128 128 128 128 128 128 128 128 128 128 170 170 85 85
47 48 49 63 128 128 128 128 128 128 128 128 128 128 128 128 170 85 85 85 170
48 49 50 128 128 128 128 128 128 128 128 128 128 128 128 170 85 170 85 170 85
49 50 51 128 128 128 128 128 128 128 128 128 128 128 128 85 170 85 170 85 170
50 51 52 128 128 128 128 128 128 128 128 128 128 128 128 170 85 170 85 170 85
51 52 53 128 128 128 128 128 128 128 128 128 128 128 128 85 170 85 170 85 170
52 53 54 128 128 128 128 128 128 128 128 128 128 128 128 170 85 170 85 170 85
53 54 55 128 128 128 128 128 128 128 128 128 128 128 128 85 170 85 170 85 170
54 55 56 128 128 128 128 128 128 128 128 128 128 128 128 170 85 170 85 170 85
55 56 57 128 128 128 128 128 128 128 128 128 128 128 128 85 170 85 170 85 170
56 57 58 128 128 128 128 128 128 128 128 128 128 128 128 170 85 170 85 170 85
57 58 59 128 128 128 128 128 128 128 128 128 128 128 128 85 170 85 170 85 170
58 59 60 128 128 128 128 128 128 128 128 128 128 128 128 170 85 170 85 170 85
59 60 61 128 128 128 128 128 128 128 128 128 128 128 128 85 170 85 170 85 170
60 61 62 128 128 128 128 128 128 128 128 128 128 128 128 170 85 170 85 170 85
61 62 63 128 128 128 128 128 128 128 128 128 128 128 128 85 170 85 170 85 170
62 63 128 128 128 128 128 128 128 128 128 128 128 128 170 170 85 85 85 170 170
63 128 128 128 128 128 128 128 128 128 128 128 128 170 85 85 85 170 170 170 85
128 128 128 128 128 128 128 128 128 128 128 128 170 85 170 85 170 85 170 85 170
128 128 128 128 128 128 128 128 128 128 128 128 85 170 85 170 85 170 85 170 85
128 128 128 128 128 128 128 128 128 128 128 128 170 85 170 85 170 85 170 85 170
128 128 128 128 128 128 128 128 128 128 128 128 85 170 85 170 85 170 85 170 85
128 128 128 128 128 128 128 128 128 128 128 128 170 85 170 85 170 85 170 85 170
128 128 128 128 128 128 128 128 128 128 128 128 85 170 85 170 85 170 85 170 85
128 128 128 128 128 128 128 128 128 128 128 128 170 85 170 85 170 85 170 85 170
128 128 128 128 128 128 128 128 128 128 128 128 85 170 85 170 85 170 85 170 85
128 128 128 128 128 128 128 128 128 128 128 128 170 85 170 85 170 85 170 85 170
128 128 128 128 128 128 128 128 128 128 128 128 85 170 85 170 85 170 85 170 85
128 128 128 128 128 128 128 128 128 128 128 128 170 85 170 85 170 85 170 85 170
128 128 128 128 128 128 128 128 128 128 128 128 85 170 85 170 85 170 85 170 85
128 128 128 128 128 128 128 128 128 128 128 128 170 85 170 85 170 85 170 85 170
128 128 128 128 128 128 128 128 128 128 128 128 85 170 85 170 85 170 85 170 85
128 128 128 128 128 128 128 128 128 128 128 170 170 85 85 85 170 170 170 85 85
128 128 128 128 128 128 128 128 128 128 170 85 85 85 170 170 170 85 85 85 170
128 128 128 128 128 128 128 128 128 170 85 170 85 170 85 170 85 170 85 170 85
128 128 128 128 128 128 128 128 128 85 170 85 170 85 170 85 170 85 170 85 170
128 128 128 128 128 128 128 128 128 170 85 170 85 170 85 170 85 170 85 170 85
128 128 128 128 128 128 128 128 128 85 170 85 170 85 170 85 170 85 170 85 170
128 128 128 128 128 128 128 128 128 170 85 170 85 170 85 170 85 170 85 170 85
128 128 128 128 128 128 128 128 128 85 170 85 170 85 170 85 170 85 170 85 170
128 128 128 128 128 128 128 128 128 170 85 170 85 170 85 170 85 170 85 170 85
128 128 128 128 128 128 128 128 128 85 170 85 170 85 170 85 170 85 170 85 170
128 128 128 128 128 128 128 128 128 170 85 170 85 170 85 170 85 170 85 170 85
128 128 128 128 128 128 128 128 128 85 170 85 170 85 170 85 170 85 170 85 170
128 128 128 128 128 128 128 128 128 170 85 170 85 170 85 170 85 170 85 170 85
128 128 128 128 128 128 128 128 128 85 170 85 170 85 170 85 170 85 170 85 170
128 128 128 128 128 128 128 128 128 170 85 170 85 170 85 170 85 170 85 170 85
128 128 128 128 128 128 128 128 128 85 170 85 170 85 170 85 170 85 170 85 170
128 128 128 128 128 128 128 128 170 170 85 85 85 170 170 170 85 85 85 170 0
