0 0 0 0 0 0 0 0 0 0 0 1 2 3 4 5 6 7 8 128 128
0 0 0 0 0 0 0 0 0 0 1 2 3 4 5 6 7 8 128 128 128
0 0 0 0 0 0 0 0 0 1 2 3 4 5 6 7 8 128 128 128 128
0 0 0 0 0 0 0 0 1 2 3 4 5 6 7 8 128 128 128 128 128
0 0 0 0 0 0 0 1 2 3 4 5 6 7 8 128 128 128 128 128 128
0 0 0 0 0 0 1 2 3 4 5 6 7 8 128 128 128 128 128 128 128
0 0 0 0 0 1 2 3 4 5 6 7 8 128 128 128 128 128 128 128 128
0 0 0 0 1 2 3 4 5 6 7 8 128 128 128 128 128 128 128 128 128
0 0 0 1 2 3 4 5 6 7 8 128 128 128 128 128 128 128 128 128 170
0 0 1 2 3 4 5 6 7 8 128 128 128 128 128 128 128 128 128 170 85
0 1 2 3 4 5 6 7 8 128 128 128 128 128 128 128 128 128 170 85 170
1 2 3 4 5 6 7 8 128 128 128 128 128 128 128 128 128 170 85 170 85
2 3 4 5 6 7 8 128 128 128 128 128 128 128 128 128 170 85 170 85 170
3 4 5 6 7 8 128 128 128 128 128 128 128 128 128 170 85 170 85 170 85
4 5 6 7 8 128 128 128 128 128 128 128 128 128 170 85 170 85 170 85 170
5 6 7 8 128 128 128 128 128 128 128 128 128 170 85 170 85 170 85 170 85
6 7 8 128 128 128 128 128 128 128 128 128 170 85 170 85 170 85 170 85 170
7 8 128 128 128 128 128 128 128 128 128 170 85 170 85 170 85 170 85 170 0
