0 1 2 5 6 7 10 11 12 15 16 17 20 21 22 128 128 128 128 128 128
1 2 3 6 7 8 11 12 13 16 17 18 21 22 23 128 128 128 128 128 128
2 3 4 7 8 9 12 13 14 17 18 19 22 23 24 128 128 128 128 128 128
3 4 5 8 9 10 13 14 15 18 19 20 23 24 128 128 128 128 128 128 128
4 5 6 9 10 11 14 15 16 19 20 21 24 128 128 128 128 128 128 128 128
5 6 7 10 11 12 15 16 17 20 21 22 128 128 128 128 128 128 128 128 128
6 7 8 11 12 13 16 17 18 21 22 23 128 128 128 128 128 128 128 128 128
7 8 9 12 13 14 17 18 19 22 23 24 128 128 128 128 128 128 128 128 128
8 9 10 13 14 15 18 19 20 23 24 128 128 128 128 128 128 128 128 128 128
9 10 11 14 15 16 19 20 21 24 128 128 128 128 128 128 128 128 128 128 128
10 11 12 15 16 17 20 21 22 128 128 128 128 128 128 128 128 128 128 128 128
11 12 13 16 17 18 21 22 23 128 128 128 128 128 128 128 128 128 128 128 128
12 13 14 17 18 19 22 23 24 128 128 128 128 128 128 128 128 128 128 128 128
13 14 15 18 19 20 23 24 128 128 128 128 128 128 128 128 128 128 128 128 128
14 15 16 19 20 21 24 128 128 128 128 128 128 128 128 128 128 128 128 128 128
15 16 17 20 21 22 128 128 128 128 128 128 128 128 128 128 128 128 128 128 128
16 17 18 21 22 23 128 128 128 128 128 128 128 128 128 128 128 128 128 128 128
17 18 19 22 23 24 128 128 128 128 128 128 128 128 128 128 128 128 128 128 128
18 19 20 23 24 128 128 128 128 128 128 128 128 128 128 128 128 128 128 128 170
19 20 21 24 128 128 128 128 128 128 128 128 128 128 128 128 128 128 128 170 85
20 21 22 128 128 128 128 128 128 128 128 128 128 128 128 128 128 128 170 85 170
21 22 23 128 128 128 128 128 128 128 128 128 128 128 128 128 128 128 85 170 85
22 23 24 128 128 128 128 128 128 128 128 128 128 128 128 128 128 128 170 85 170
23 24 128 128 128 128 128 128 128 128 128 128 128 128 128 128 128 170 85 170 85
24 128 128 128 128 128 128 128 128 128 128 128 128 128 128 128 170 85 170 85 170
128 128 128 128 128 128 128 128 128 128 128 128 128 128 128 170 85 170 85 170 85
128 128 128 128 128 128 128 128 128 128 128 128 128 128 128 85 170 85 170 85 170
128 128 128 128 128 128 128 128 128 128 128 128 128 128 128 170 85 170 85 170 85
128 128 128 128 128 128 128 128 128 128 128 128 128 128 170 85 170 85 170 85 170
128 128 128 128 128 128 128 128 128 128 128 128 128 170 85 170 85 170 85 170 85
128 128 128 128 128 128 128 128 128 128 128 128 170 85 170 85 170 85 170 85 170
128 128 128 128 128 128 128 128 128 128 128 128 85 170 85 170 85 170 85 170 85
128 128 128 128 128 128 128 128 128 128 128 128 170 85 170 85 170 85 170 85 170
128 128 128 128 128 128 128 128 128 128 128 170 85 170 85 170 85 170 85 170 85
128 128 128 128 128 128 128 128 128 128 170 85 170 85 170 85 170 85 170 85 170
128 128 128 128 128 128 128 128 128 170 85 170 85 170 85 170 85 170 85 170 85
128 128 128 128 128 128 128 128 128 85 170 85 170 85 170 85 170 85 170 85 170
128 128 128 128 128 128 128 128 128 170 85 170 85 170 85 170 85 170 85 170 85
128 128 128 128 128 128 128 128 170 85 170 85 170 85 170 85 170 85 170 85 170
128 128 128 128 128 128 128 170 85 170 85 170 85 170 85 170 85 170 85 170 85
128 128 128 128 128 128 170 85 170 85 170 85 170 85 170 85 170 85 170 85 170
128 128 128 128 128 128 85 170 85 170 85 170 85 170 85 170 85 170 85 170 85
128 128 128 128 128 128 170 85 170 85 170 85 170 85 170 85 170 85 170 85 170
128 128 128 128 128 170 85 170 85 170 85 170 85 170 85 170 85 170 85 170 0
128 128 128 128 170 85 170 85 170 85 170 85 170 85 170 85 170 85 170 0 0
128 128 128 170 85 170 85 170 85 170 85 170 85 170 85 170 85 170 0 0 0
128 128 128 85 170 85 170 85 170 85 170 85 170 85 170 85 170 85 0 0 0
128 128 128 170 85 170 85 170 85 170 85 170 85 170 85 170 85 170 0 0 0
128 128 170 85 170 85 170 85 170 85 170 85 170 85 170 85 170 0 0 0 0
128 170 85 170 85 170 85 170 85 170 85 170 85 170 85 170 0 0 0 0 0
170 85 170 85 170 85 170 85 170 85 170 85 170 85 170 0 0 0 0 0 0
85 170 85 170 85 170 85 170 85 170 85 170 85 170 85 0 0 0 0 0 0
170 85 170 85 170 85 170 85 170 85 170 85 170 85 170 0 0 0 0 0 0
85 170 85 170 85 170 85 170 85 170 85 170 85 170 0 0 0 0 0 0 0
170 85 170 85 170 85 170 85 170 85 170 85 170 0 0 0 0 0 0 0 0
85 170 85 170 85 170 85 170 85 170 85 170 0 0 0 0 0 0 0 0 0
170 85 170 85 170 85 170 85 170 85 170 85 0 0 0 0 0 0 0 0 0
85 170 85 170 85 170 85 170 85 170 85 170 0 0 0 0 0 0 0 0 0
170 85 170 85 170 85 170 85 170 85 170 0 0 0 0 0 0 0 0 0 0
