0 0 0 0 0 0 0 0 0 0 0 0 0 0 0 128 128 128 0 0 128 128 128 0 0 128 128 128 0 0 0 0 0 0 0
0 0 0 0 0 0 0 0 0 0 0 0 128 128 128 0 0 128 128 128 0 0 128 128 128 0 0 0 0 0 0 0 0 0 0
0 0 0 0 0 0 0 0 0 0 0 128 128 128 0 0 128 128 128 0 0 128 128 128 0 0 0 0 0 0 0 0 0 0 0
0 0 0 0 0 0 0 0 0 0 128 128 128 0 0 128 128 128 0 0 128 128 128 0 0 0 0 0 0 0 0 0 0 0 0
0 0 0 0 0 0 0 128 128 128 0 0 128 128 128 0 0 128 128 128 0 0 0 0 0 0 0 0 0 0 0 0 0 0 0
0 0 0 0 0 0 128 128 128 0 0 128 128 128 0 0 128 128 128 0 0 0 0 0 0 0 0 0 0 0 0 0 0 0 0
0 0 0 0 0 128 128 128 0 0 128 128 128 0 0 128 128 128 0 0 0 0 0 0 0 0 0 0 0 0 0 0 0 0 0
0 0 0 0 0 0 0 0 0 0 0 0 0 0 0 0 0 170 85 170 0 0 85 170 85 0 0 170 85 170 0 0 0 0 0
0 0 0 0 0 0 0 0 0 0 0 0 0 0 0 0 170 85 170 0 0 85 170 85 0 0 170 85 170 0 0 0 0 0 0
0 0 0 0 0 0 0 0 0 0 0 0 0 0 0 170 85 170 0 0 85 170 85 0 0 170 85 170 0 0 0 0 0 0 0
0 0 0 0 0 0 0 0 0 0 0 0 170 85 170 0 0 85 170 85 0 0 170 85 170 0 0 0 0 0 0 0 0 0 0
0 0 0 0 0 0 0 0 0 0 0 170 85 170 0 0 85 170 85 0 0 170 85 170 0 0 0 0 0 0 0 0 0 0 0
0 0 0 0 0 0 0 0 0 0 170 85 170 0 0 85 170 85 0 0 170 85 170 0 0 0 0 0 0 0 0 0 0 0 0
0 0 0 0 0 0 0 170 85 170 0 0 85 170 85 0 0 170 85 170 0 0 0 0 0 0 0 0 0 0 0 0 0 0 0
0 0 0 0 0 0 170 85 170 0 0 85 170 85 0 0 170 85 170 0 0 0 0 0 0 0 0 0 0 0 0 0 0 0 0
0 0 0 0 0 170 85 170 0 0 85 170 85 0 0 170 85 170 0 0 0 0 0 0 0 0 0 0 0 0 0 0 0 0 0
