0 0 0 0 0 0 0 0 0 0 0 0 0 257 514 0 0 2056 2313 2570 0 0 4112 4369 4626
0 0 0 0 0 0 0 0 0 0 0 0 257 514 771 0 2056 2313 2570 2827 0 4112 4369 4626 4883
0 0 0 0 0 0 0 0 0 0 0 257 514 771 1028 2056 2313 2570 2827 3084 4112 4369 4626 4883 5140
0 0 0 0 0 0 0 0 0 0 257 514 771 1028 1285 2313 2570 2827 3084 3341 4369 4626 4883 5140 5397
0 0 0 0 0 0 0 0 0 0 514 771 1028 1285 1542 2570 2827 3084 3341 3598 4626 4883 5140 5397 5654
0 0 0 0 0 0 0 0 0 0 771 1028 1285 1542 1799 2827 3084 3341 3598 3855 4883 5140 5397 5654 5911
0 0 0 0 0 0 0 0 0 0 1028 1285 1542 1799 0 3084 3341 3598 3855 0 5140 5397 5654 5911 0
0 0 0 0 0 0 0 0 0 0 1285 1542 1799 0 0 3341 3598 3855 0 0 5397 5654 5911 0 0
0 0 0 0 0 0 0 0 257 514 0 0 2056 2313 2570 0 0 4112 4369 4626 0 0 6168 6425 6682
0 0 0 0 0 0 0 257 514 771 0 2056 2313 2570 2827 0 4112 4369 4626 4883 0 6168 6425 6682 6939
0 0 0 0 0 0 257 514 771 1028 2056 2313 2570 2827 3084 4112 4369 4626 4883 5140 6168 6425 6682 6939 7196
0 0 0 0 0 257 514 771 1028 1285 2313 2570 2827 3084 3341 4369 4626 4883 5140 5397 6425 6682 6939 7196 7453
0 0 0 0 0 514 771 1028 1285 1542 2570 2827 3084 3341 3598 4626 4883 5140 5397 5654 6682 6939 7196 7453 7710
0 0 0 0 0 771 1028 1285 1542 1799 2827 3084 3341 3598 3855 4883 5140 5397 5654 5911 6939 7196 7453 7710 7967
0 0 0 0 0 1028 1285 1542 1799 0 3084 3341 3598 3855 0 5140 5397 5654 5911 0 7196 7453 7710 7967 0
0 0 0 0 0 1285 1542 1799 0 0 3341 3598 3855 0 0 5397 5654 5911 0 0 7453 7710 7967 0 0
0 0 0 257 514 0 0 2056 2313 2570 0 0 4112 4369 4626 0 0 6168 6425 6682 0 0 8224 8481 8738
0 0 257 514 771 0 2056 2313 2570 2827 0 4112 4369 4626 4883 0 6168 6425 6682 6939 0 8224 8481 8738 8995
0 257 514 771 1028 2056 2313 2570 2827 3084 4112 4369 4626 4883 5140 6168 6425 6682 6939 7196 8224 8481 8738 8995 9252
257 514 771 1028 1285 2313 2570 2827 3084 3341 4369 4626 4883 5140 5397 6425 6682 6939 7196 7453 8481 8738 8995 9252 9509
514 771 1028 1285 1542 2570 2827 3084 3341 3598 4626 4883 5140 5397 5654 6682 6939 7196 7453 7710 8738 8995 9252 9509 9766
771 1028 1285 1542 1799 2827 3084 3341 3598 3855 4883 5140 5397 5654 5911 6939 7196 7453 7710 7967 8995 9252 9509 9766 10023
1028 1285 1542 1799 0 3084 3341 3598 3855 0 5140 5397 5654 5911 0 7196 7453 7710 7967 0 9252 9509 9766 10023 0
1285 1542 1799 0 0 3341 3598 3855 0 0 5397 5654 5911 0 0 7453 7710 7967 0 0 9509 9766 10023 0 0
0 0 2056 2313 2570 0 0 4112 4369 4626 0 0 6168 6425 6682 0 0 8224 8481 8738 0 0 10280 10537 10794
0 2056 2313 2570 2827 0 4112 4369 4626 4883 0 6168 6425 6682 6939 0 8224 8481 8738 8995 0 10280 10537 10794 11051
2056 2313 2570 2827 3084 4112 4369 4626 4883 5140 6168 6425 6682 6939 7196 8224 8481 8738 8995 9252 10280 10537 10794 11051 11308
2313 2570 2827 3084 3341 4369 4626 4883 5140 5397 6425 6682 6939 7196 7453 8481 8738 8995 9252 9509 10537 10794 11051 11308 11565
2570 2827 3084 3341 3598 4626 4883 5140 5397 5654 6682 6939 7196 7453 7710 8738 8995 9252 9509 9766 10794 11051 11308 11565 11822
2827 3084 3341 3598 3855 4883 5140 5397 5654 5911 6939 7196 7453 7710 7967 8995 9252 9509 9766 10023 11051 11308 11565 11822 12079
3084 3341 3598 3855 0 5140 5397 5654 5911 0 7196 7453 7710 7967 0 9252 9509 9766 10023 0 11308 11565 11822 12079 0
3341 3598 3855 0 0 5397 5654 5911 0 0 7453 7710 7967 0 0 9509 9766 10023 0 0 11565 11822 12079 0 0
0 0 4112 4369 4626 0 0 6168 6425 6682 0 0 8224 8481 8738 0 0 10280 10537 10794 0 0 12336 12593 12850
0 4112 4369 4626 4883 0 6168 6425 6682 6939 0 8224 8481 8738 8995 0 10280 10537 10794 11051 0 12336 12593 12850 13107
4112 4369 4626 4883 5140 6168 6425 6682 6939 7196 8224 8481 8738 8995 9252 10280 10537 10794 11051 11308 12336 12593 12850 13107 13364
4369 4626 4883 5140 5397 6425 6682 6939 7196 7453 8481 8738 8995 9252 9509 10537 10794 11051 11308 11565 12593 12850 13107 13364 13621
4626 4883 5140 5397 5654 6682 6939 7196 7453 7710 8738 8995 9252 9509 9766 10794 11051 11308 11565 11822 12850 13107 13364 13621 13878
4883 5140 5397 5654 5911 6939 7196 7453 7710 7967 8995 9252 9509 9766 10023 11051 11308 11565 11822 12079 13107 13364 13621 13878 14135
5140 5397 5654 5911 0 7196 7453 7710 7967 0 9252 9509 9766 10023 0 11308 11565 11822 12079 0 13364 13621 13878 14135 0
5397 5654 5911 0 0 7453 7710 7967 0 0 9509 9766 10023 0 0 11565 11822 12079 0 0 13621 13878 14135 0 0
0 0 6168 6425 6682 0 0 8224 8481 8738 0 0 10280 10537 10794 0 0 12336 12593 12850 0 0 14392 14649 14906
0 6168 6425 6682 6939 0 8224 8481 8738 8995 0 10280 10537 10794 11051 0 12336 12593 12850 13107 0 14392 14649 14906 15163
6168 6425 6682 6939 7196 8224 8481 8738 8995 9252 10280 10537 10794 11051 11308 12336 12593 12850 13107 13364 14392 14649 14906 15163 15420
6425 6682 6939 7196 7453 8481 8738 8995 9252 9509 10537 10794 11051 11308 11565 12593 12850 13107 13364 13621 14649 14906 15163 15420 15677
6682 6939 7196 7453 7710 8738 8995 9252 9509 9766 10794 11051 11308 11565 11822 12850 13107 13364 13621 13878 14906 15163 15420 15677 15934
6939 7196 7453 7710 7967 8995 9252 9509 9766 10023 11051 11308 11565 11822 12079 13107 13364 13621 13878 14135 15163 15420 15677 15934 16191
7196 7453 7710 7967 0 9252 9509 9766 10023 0 11308 11565 11822 12079 0 13364 13621 13878 14135 0 15420 15677 15934 16191 0
7453 7710 7967 0 0 9509 9766 10023 0 0 11565 11822 12079 0 0 13621 13878 14135 0 0 15677 15934 16191 0 0
0 0 8224 8481 8738 0 0 10280 10537 10794 0 0 12336 12593 12850 0 0 14392 14649 14906 0 0 0 0 0
0 8224 8481 8738 8995 0 10280 10537 10794 11051 0 12336 12593 12850 13107 0 14392 14649 14906 15163 0 0 0 0 0
8224 8481 8738 8995 9252 10280 10537 10794 11051 11308 12336 12593 12850 13107 13364 14392 14649 14906 15163 15420 0 0 0 0 0
8481 8738 8995 9252 9509 10537 10794 11051 11308 11565 12593 12850 13107 13364 13621 14649 14906 15163 15420 15677 0 0 0 0 0
8738 8995 9252 9509 9766 10794 11051 11308 11565 11822 12850 13107 13364 13621 13878 14906 15163 15420 15677 15934 0 0 0 0 0
8995 9252 9509 9766 10023 11051 11308 11565 11822 12079 13107 13364 13621 13878 14135 15163 15420 15677 15934 16191 0 0 0 0 0
9252 9509 9766 10023 0 11308 11565 11822 12079 0 13364 13621 13878 14135 0 15420 15677 15934 16191 0 0 0 0 0 0
9509 9766 10023 0 0 11565 11822 12079 0 0 13621 13878 14135 0 0 15677 15934 16191 0 0 0 0 0 0 0
0 0 10280 10537 10794 0 0 12336 12593 12850 0 0 14392 14649 14906 0 0 0 0 0 0 0 0 0 0
0 10280 10537 10794 11051 0 12336 12593 12850 13107 0 14392 14649 14906 15163 0 0 0 0 0 0 0 0 0 0
10280 10537 10794 11051 11308 12336 12593 12850 13107 13364 14392 14649 14906 15163 15420 0 0 0 0 0 0 0 0 0 0
10537 10794 11051 11308 11565 12593 12850 13107 13364 13621 14649 14906 15163 15420 15677 0 0 0 0 0 0 0 0 0 0
10794 11051 11308 11565 11822 12850 13107 13364 13621 13878 14906 15163 15420 15677 15934 0 0 0 0 0 0 0 0 0 0
11051 11308 11565 11822 12079 13107 13364 13621 13878 14135 15163 15420 15677 15934 16191 0 0 0 0 0 0 0 0 0 0
11308 11565 11822 12079 0 13364 13621 13878 14135 0 15420 15677 15934 16191 0 0 0 0 0 0 0 0 0 0 0
11565 11822 12079 0 0 13621 13878 14135 0 0 15677 15934 16191 0 0 0 0 0 0 0 0 0 0 0 0
0 0 0 0 0 0 0 0 0 0 0 0 32896 32896 32896 0 0 32896 32896 32896 0 0 32896 32896 32896
0 0 0 0 0 0 0 0 0 0 0 32896 32896 32896 32896 0 32896 32896 32896 32896 0 32896 32896 32896 32896
0 0 0 0 0 0 0 0 0 0 32896 32896 32896 32896 32896 32896 32896 32896 32896 32896 32896 32896 32896 32896 32896
0 0 0 0 0 0 0 0 0 0 32896 32896 32896 32896 32896 32896 32896 32896 32896 32896 32896 32896 32896 32896 32896
0 0 0 0 0 0 0 0 0 0 32896 32896 32896 32896 32896 32896 32896 32896 32896 32896 32896 32896 32896 32896 32896
0 0 0 0 0 0 0 0 0 0 32896 32896 32896 32896 32896 32896 32896 32896 32896 32896 32896 32896 32896 32896 32896
0 0 0 0 0 0 0 0 0 0 32896 32896 32896 32896 0 32896 32896 32896 32896 0 32896 32896 32896 32896 0
0 0 0 0 0 0 0 0 0 0 32896 32896 32896 0 0 32896 32896 32896 0 0 32896 32896 32896 0 0
0 0 0 0 0 0 0 32896 32896 32896 0 0 32896 32896 32896 0 0 32896 32896 32896 0 0 32896 32896 32896
0 0 0 0 0 0 32896 32896 32896 32896 0 32896 32896 32896 32896 0 32896 32896 32896 32896 0 32896 32896 32896 32896
0 0 0 0 0 32896 32896 32896 32896 32896 32896 32896 32896 32896 32896 32896 32896 32896 32896 32896 32896 32896 32896 32896 32896
0 0 0 0 0 32896 32896 32896 32896 32896 32896 32896 32896 32896 32896 32896 32896 32896 32896 32896 32896 32896 32896 32896 32896
0 0 0 0 0 32896 32896 32896 32896 32896 32896 32896 32896 32896 32896 32896 32896 32896 32896 32896 32896 32896 32896 32896 32896
0 0 0 0 0 32896 32896 32896 32896 32896 32896 32896 32896 32896 32896 32896 32896 32896 32896 32896 32896 32896 32896 32896 32896
0 0 0 0 0 32896 32896 32896 32896 0 32896 32896 32896 32896 0 32896 32896 32896 32896 0 32896 32896 32896 32896 0
0 0 0 0 0 32896 32896 32896 0 0 32896 32896 32896 0 0 32896 32896 32896 0 0 32896 32896 32896 0 0
0 0 32896 32896 32896 0 0 32896 32896 32896 0 0 32896 32896 32896 0 0 32896 32896 32896 0 0 32896 32896 32896
0 32896 32896 32896 32896 0 32896 32896 32896 32896 0 32896 32896 32896 32896 0 32896 32896 32896 32896 0 32896 32896 32896 32896
32896 32896 32896 32896 32896 32896 32896 32896 32896 32896 32896 32896 32896 32896 32896 32896 32896 32896 32896 32896 32896 32896 32896 32896 32896
32896 32896 32896 32896 32896 32896 32896 32896 32896 32896 32896 32896 32896 32896 32896 32896 32896 32896 32896 32896 32896 32896 32896 32896 32896
32896 32896 32896 32896 32896 32896 32896 32896 32896 32896 32896 32896 32896 32896 32896 32896 32896 32896 32896 32896 32896 32896 32896 32896 32896
32896 32896 32896 32896 32896 32896 32896 32896 32896 32896 32896 32896 32896 32896 32896 32896 32896 32896 32896 32896 32896 32896 32896 32896 32896
32896 32896 32896 32896 0 32896 32896 32896 32896 0 32896 32896 32896 32896 0 32896 32896 32896 32896 0 32896 32896 32896 32896 0
32896 32896 32896 0 0 32896 32896 32896 0 0 32896 32896 32896 0 0 32896 32896 32896 0 0 32896 32896 32896 0 0
0 0 32896 32896 32896 0 0 32896 32896 32896 0 0 32896 32896 32896 0 0 32896 32896 32896 0 0 32896 32896 32896
0 32896 32896 32896 32896 0 32896 32896 32896 32896 0 32896 32896 32896 32896 0 32896 32896 32896 32896 0 32896 32896 32896 32896
32896 32896 32896 32896 32896 32896 32896 32896 32896 32896 32896 32896 32896 32896 32896 32896 32896 32896 32896 32896 32896 32896 32896 32896 32896
32896 32896 32896 32896 32896 32896 32896 32896 32896 32896 32896 32896 32896 32896 32896 32896 32896 32896 32896 32896 32896 32896 32896 32896 32896
32896 32896 32896 32896 32896 32896 32896 32896 32896 32896 32896 32896 32896 32896 32896 32896 32896 32896 32896 32896 32896 32896 32896 32896 32896
32896 32896 32896 32896 32896 32896 32896 32896 32896 32896 32896 32896 32896 32896 32896 32896 32896 32896 32896 32896 32896 32896 32896 32896 32896
32896 32896 32896 32896 0 32896 32896 32896 32896 0 32896 32896 32896 32896 0 32896 32896 32896 32896 0 32896 32896 32896 32896 0
32896 32896 32896 0 0 32896 32896 32896 0 0 32896 32896 32896 0 0 32896 32896 32896 0 0 32896 32896 32896 0 0
0 0 32896 32896 32896 0 0 32896 32896 32896 0 0 32896 32896 32896 0 0 32896 32896 32896 0 0 32896 32896 32896
0 32896 32896 32896 32896 0 32896 32896 32896 32896 0 32896 32896 32896 32896 0 32896 32896 32896 32896 0 32896 32896 32896 32896
32896 32896 32896 32896 32896 32896 32896 32896 32896 32896 32896 32896 32896 32896 32896 32896 32896 32896 32896 32896 32896 32896 32896 32896 32896
32896 32896 32896 32896 32896 32896 32896 32896 32896 32896 32896 32896 32896 32896 32896 32896 32896 32896 32896 32896 32896 32896 32896 32896 32896
32896 32896 32896 32896 32896 32896 32896 32896 32896 32896 32896 32896 32896 32896 32896 32896 32896 32896 32896 32896 32896 32896 32896 32896 32896
32896 32896 32896 32896 32896 32896 32896 32896 32896 32896 32896 32896 32896 32896 32896 32896 32896 32896 32896 32896 32896 32896 32896 32896 32896
32896 32896 32896 32896 0 32896 32896 32896 32896 0 32896 32896 32896 32896 0 32896 32896 32896 32896 0 32896 32896 32896 32896 0
32896 32896 32896 0 0 32896 32896 32896 0 0 32896 32896 32896 0 0 32896 32896 32896 0 0 32896 32896 32896 0 0
0 0 32896 32896 32896 0 0 32896 32896 32896 0 0 32896 32896 32896 0 0 32896 32896 32896 0 0 32896 32896 32896
0 32896 32896 32896 32896 0 32896 32896 32896 32896 0 32896 32896 32896 32896 0 32896 32896 32896 32896 0 32896 32896 32896 32896
32896 32896 32896 32896 32896 32896 32896 32896 32896 32896 32896 32896 32896 32896 32896 32896 32896 32896 32896 32896 32896 32896 32896 32896 32896
32896 32896 32896 32896 32896 32896 32896 32896 32896 32896 32896 32896 32896 32896 32896 32896 32896 32896 32896 32896 32896 32896 32896 32896 32896
32896 32896 32896 32896 32896 32896 32896 32896 32896 32896 32896 32896 32896 32896 32896 32896 32896 32896 32896 32896 32896 32896 32896 32896 32896
32896 32896 32896 32896 32896 32896 32896 32896 32896 32896 32896 32896 32896 32896 32896 32896 32896 32896 32896 32896 32896 32896 32896 32896 32896
32896 32896 32896 32896 0 32896 32896 32896 32896 0 32896 32896 32896 32896 0 32896 32896 32896 32896 0 32896 32896 32896 32896 0
32896 32896 32896 0 0 32896 32896 32896 0 0 32896 32896 32896 0 0 32896 32896 32896 0 0 32896 32896 32896 0 0
0 0 32896 32896 32896 0 0 32896 32896 32896 0 0 32896 32896 32896 0 0 32896 32896 32896 0 0 0 0 0
0 32896 32896 32896 32896 0 32896 32896 32896 32896 0 32896 32896 32896 32896 0 32896 32896 32896 32896 0 0 0 0 0
32896 32896 32896 32896 32896 32896 32896 32896 32896 32896 32896 32896 32896 32896 32896 32896 32896 32896 32896 32896 0 0 0 0 0
32896 32896 32896 32896 32896 32896 32896 32896 32896 32896 32896 32896 32896 32896 32896 32896 32896 32896 32896 32896 0 0 0 0 0
32896 32896 32896 32896 32896 32896 32896 32896 32896 32896 32896 32896 32896 32896 32896 32896 32896 32896 32896 32896 0 0 0 0 0
32896 32896 32896 32896 32896 32896 32896 32896 32896 32896 32896 32896 32896 32896 32896 32896 32896 32896 32896 32896 0 0 0 0 0
32896 32896 32896 32896 0 32896 32896 32896 32896 0 32896 32896 32896 32896 0 32896 32896 32896 32896 0 0 0 0 0 0
32896 32896 32896 0 0 32896 32896 32896 0 0 32896 32896 32896 0 0 32896 32896 32896 0 0 0 0 0 0 0
0 0 32896 32896 32896 0 0 32896 32896 32896 0 0 32896 32896 32896 0 0 0 0 0 0 0 0 0 0
0 32896 32896 32896 32896 0 32896 32896 32896 32896 0 32896 32896 32896 32896 0 0 0 0 0 0 0 0 0 0
32896 32896 32896 32896 32896 32896 32896 32896 32896 32896 32896 32896 32896 32896 32896 0 0 0 0 0 0 0 0 0 0
32896 32896 32896 32896 32896 32896 32896 32896 32896 32896 32896 32896 32896 32896 32896 0 0 0 0 0 0 0 0 0 0
32896 32896 32896 32896 32896 32896 32896 32896 32896 32896 32896 32896 32896 32896 32896 0 0 0 0 0 0 0 0 0 0
32896 32896 32896 32896 32896 32896 32896 32896 32896 32896 32896 32896 32896 32896 32896 0 0 0 0 0 0 0 0 0 0
32896 32896 32896 32896 0 32896 32896 32896 32896 0 32896 32896 32896 32896 0 0 0 0 0 0 0 0 0 0 0
32896 32896 32896 0 0 32896 32896 32896 0 0 32896 32896 32896 0 0 0 0 0 0 0 0 0 0 0 0
0 0 0 0 0 0 0 0 0 0 0 0 43690 21845 43690 0 0 21845 43690 21845 0 0 43690 21845 43690
0 0 0 0 0 0 0 0 0 0 0 43690 21845 43690 21845 0 21845 43690 21845 43690 0 43690 21845 43690 21845
0 0 0 0 0 0 0 0 0 0 43690 21845 43690 21845 43690 21845 43690 21845 43690 21845 43690 21845 43690 21845 43690
0 0 0 0 0 0 0 0 0 0 21845 43690 21845 43690 21845 43690 21845 43690 21845 43690 21845 43690 21845 43690 21845
0 0 0 0 0 0 0 0 0 0 43690 21845 43690 21845 43690 21845 43690 21845 43690 21845 43690 21845 43690 21845 43690
0 0 0 0 0 0 0 0 0 0 21845 43690 21845 43690 21845 43690 21845 43690 21845 43690 21845 43690 21845 43690 21845
0 0 0 0 0 0 0 0 0 0 43690 21845 43690 21845 0 21845 43690 21845 43690 0 43690 21845 43690 21845 0
0 0 0 0 0 0 0 0 0 0 21845 43690 21845 0 0 43690 21845 43690 0 0 21845 43690 21845 0 0
0 0 0 0 0 0 0 43690 21845 43690 0 0 21845 43690 21845 0 0 43690 21845 43690 0 0 21845 43690 21845
0 0 0 0 0 0 43690 21845 43690 21845 0 21845 43690 21845 43690 0 43690 21845 43690 21845 0 21845 43690 21845 43690
0 0 0 0 0 43690 21845 43690 21845 43690 21845 43690 21845 43690 21845 43690 21845 43690 21845 43690 21845 43690 21845 43690 21845
0 0 0 0 0 21845 43690 21845 43690 21845 43690 21845 43690 21845 43690 21845 43690 21845 43690 21845 43690 21845 43690 21845 43690
0 0 0 0 0 43690 21845 43690 21845 43690 21845 43690 21845 43690 21845 43690 21845 43690 21845 43690 21845 43690 21845 43690 21845
0 0 0 0 0 21845 43690 21845 43690 21845 43690 21845 43690 21845 43690 21845 43690 21845 43690 21845 43690 21845 43690 21845 43690
0 0 0 0 0 43690 21845 43690 21845 0 21845 43690 21845 43690 0 43690 21845 43690 21845 0 21845 43690 21845 43690 0
0 0 0 0 0 21845 43690 21845 0 0 43690 21845 43690 0 0 21845 43690 21845 0 0 43690 21845 43690 0 0
0 0 43690 21845 43690 0 0 21845 43690 21845 0 0 43690 21845 43690 0 0 21845 43690 21845 0 0 43690 21845 43690
0 43690 21845 43690 21845 0 21845 43690 21845 43690 0 43690 21845 43690 21845 0 21845 43690 21845 43690 0 43690 21845 43690 21845
43690 21845 43690 21845 43690 21845 43690 21845 43690 21845 43690 21845 43690 21845 43690 21845 43690 21845 43690 21845 43690 21845 43690 21845 43690
21845 43690 21845 43690 21845 43690 21845 43690 21845 43690 21845 43690 21845 43690 21845 43690 21845 43690 21845 43690 21845 43690 21845 43690 21845
43690 21845 43690 21845 43690 21845 43690 21845 43690 21845 43690 21845 43690 21845 43690 21845 43690 21845 43690 21845 43690 21845 43690 21845 43690
21845 43690 21845 43690 21845 43690 21845 43690 21845 43690 21845 43690 21845 43690 21845 43690 21845 43690 21845 43690 21845 43690 21845 43690 21845
43690 21845 43690 21845 0 21845 43690 21845 43690 0 43690 21845 43690 21845 0 21845 43690 21845 43690 0 43690 21845 43690 21845 0
21845 43690 21845 0 0 43690 21845 43690 0 0 21845 43690 21845 0 0 43690 21845 43690 0 0 21845 43690 21845 0 0
0 0 21845 43690 21845 0 0 43690 21845 43690 0 0 21845 43690 21845 0 0 43690 21845 43690 0 0 21845 43690 21845
0 21845 43690 21845 43690 0 43690 21845 43690 21845 0 21845 43690 21845 43690 0 43690 21845 43690 21845 0 21845 43690 21845 43690
21845 43690 21845 43690 21845 43690 21845 43690 21845 43690 21845 43690 21845 43690 21845 43690 21845 43690 21845 43690 21845 43690 21845 43690 21845
43690 21845 43690 21845 43690 21845 43690 21845 43690 21845 43690 21845 43690 21845 43690 21845 43690 21845 43690 21845 43690 21845 43690 21845 43690
21845 43690 21845 43690 21845 43690 21845 43690 21845 43690 21845 43690 21845 43690 21845 43690 21845 43690 21845 43690 21845 43690 21845 43690 21845
43690 21845 43690 21845 43690 21845 43690 21845 43690 21845 43690 21845 43690 21845 43690 21845 43690 21845 43690 21845 43690 21845 43690 21845 43690
21845 43690 21845 43690 0 43690 21845 43690 21845 0 21845 43690 21845 43690 0 43690 21845 43690 21845 0 21845 43690 21845 43690 0
43690 21845 43690 0 0 21845 43690 21845 0 0 43690 21845 43690 0 0 21845 43690 21845 0 0 43690 21845 43690 0 0
0 0 43690 21845 43690 0 0 21845 43690 21845 0 0 43690 21845 43690 0 0 21845 43690 21845 0 0 43690 21845 43690
0 43690 21845 43690 21845 0 21845 43690 21845 43690 0 43690 21845 43690 21845 0 21845 43690 21845 43690 0 43690 21845 43690 21845
43690 21845 43690 21845 43690 21845 43690 21845 43690 21845 43690 21845 43690 21845 43690 21845 43690 21845 43690 21845 43690 21845 43690 21845 43690
21845 43690 21845 43690 21845 43690 21845 43690 21845 43690 21845 43690 21845 43690 21845 43690 21845 43690 21845 43690 21845 43690 21845 43690 21845
43690 21845 43690 21845 43690 21845 43690 21845 43690 21845 43690 21845 43690 21845 43690 21845 43690 21845 43690 21845 43690 21845 43690 21845 43690
21845 43690 21845 43690 21845 43690 21845 43690 21845 43690 21845 43690 21845 43690 21845 43690 21845 43690 21845 43690 21845 43690 21845 43690 21845
43690 21845 43690 21845 0 21845 43690 21845 43690 0 43690 21845 43690 21845 0 21845 43690 21845 43690 0 43690 21845 43690 21845 0
21845 43690 21845 0 0 43690 21845 43690 0 0 21845 43690 21845 0 0 43690 21845 43690 0 0 21845 43690 21845 0 0
0 0 21845 43690 21845 0 0 43690 21845 43690 0 0 21845 43690 21845 0 0 43690 21845 43690 0 0 21845 43690 21845
0 21845 43690 21845 43690 0 43690 21845 43690 21845 0 21845 43690 21845 43690 0 43690 21845 43690 21845 0 21845 43690 21845 43690
21845 43690 21845 43690 21845 43690 21845 43690 21845 43690 21845 43690 21845 43690 21845 43690 21845 43690 21845 43690 21845 43690 21845 43690 21845
43690 21845 43690 21845 43690 21845 43690 21845 43690 21845 43690 21845 43690 21845 43690 21845 43690 21845 43690 21845 43690 21845 43690 21845 43690
21845 43690 21845 43690 21845 43690 21845 43690 21845 43690 21845 43690 21845 43690 21845 43690 21845 43690 21845 43690 21845 43690 21845 43690 21845
43690 21845 43690 21845 43690 21845 43690 21845 43690 21845 43690 21845 43690 21845 43690 21845 43690 21845 43690 21845 43690 21845 43690 21845 43690
21845 43690 21845 43690 0 43690 21845 43690 21845 0 21845 43690 21845 43690 0 43690 21845 43690 21845 0 21845 43690 21845 43690 0
43690 21845 43690 0 0 21845 43690 21845 0 0 43690 21845 43690 0 0 21845 43690 21845 0 0 43690 21845 43690 0 0
0 0 43690 21845 43690 0 0 21845 43690 21845 0 0 43690 21845 43690 0 0 21845 43690 21845 0 0 0 0 0
0 43690 21845 43690 21845 0 21845 43690 21845 43690 0 43690 21845 43690 21845 0 21845 43690 21845 43690 0 0 0 0 0
43690 21845 43690 21845 43690 21845 43690 21845 43690 21845 43690 21845 43690 21845 43690 21845 43690 21845 43690 21845 0 0 0 0 0
21845 43690 21845 43690 21845 43690 21845 43690 21845 43690 21845 43690 21845 43690 21845 43690 21845 43690 21845 43690 0 0 0 0 0
43690 21845 43690 21845 43690 21845 43690 21845 43690 21845 43690 21845 43690 21845 43690 21845 43690 21845 43690 21845 0 0 0 0 0
21845 43690 21845 43690 21845 43690 21845 43690 21845 43690 21845 43690 21845 43690 21845 43690 21845 43690 21845 43690 0 0 0 0 0
43690 21845 43690 21845 0 21845 43690 21845 43690 0 43690 21845 43690 21845 0 21845 43690 21845 43690 0 0 0 0 0 0
21845 43690 21845 0 0 43690 21845 43690 0 0 21845 43690 21845 0 0 43690 21845 43690 0 0 0 0 0 0 0
0 0 21845 43690 21845 0 0 43690 21845 43690 0 0 21845 43690 21845 0 0 0 0 0 0 0 0 0 0
0 21845 43690 21845 43690 0 43690 21845 43690 21845 0 21845 43690 21845 43690 0 0 0 0 0 0 0 0 0 0
21845 43690 21845 43690 21845 43690 21845 43690 21845 43690 21845 43690 21845 43690 21845 0 0 0 0 0 0 0 0 0 0
43690 21845 43690 21845 43690 21845 43690 21845 43690 21845 43690 21845 43690 21845 43690 0 0 0 0 0 0 0 0 0 0
21845 43690 21845 43690 21845 43690 21845 43690 21845 43690 21845 43690 21845 43690 21845 0 0 0 0 0 0 0 0 0 0
43690 21845 43690 21845 43690 21845 43690 21845 43690 21845 43690 21845 43690 21845 43690 0 0 0 0 0 0 0 0 0 0
21845 43690 21845 43690 0 43690 21845 43690 21845 0 21845 43690 21845 43690 0 0 0 0 0 0 0 0 0 0 0
43690 21845 43690 0 0 21845 43690 21845 0 0 43690 21845 43690 0 0 0 0 0 0 0 0 0 0 0 0
