0
257
514
771
1028
1285
1542
1799
2056
2313
2570
2827
3084
3341
3598
3855
4112
4369
4626
4883
5140
5397
5654
5911
6168
6425
6682
6939
7196
7453
7710
7967
8224
8481
8738
8995
9252
9509
9766
10023
10280
10537
10794
11051
11308
11565
11822
12079
12336
12593
12850
13107
13364
13621
13878
14135
14392
14649
14906
15163
15420
15677
15934
16191
32896
32896
32896
32896
32896
32896
32896
32896
32896
32896
32896
32896
32896
32896
32896
32896
32896
32896
32896
32896
32896
32896
32896
32896
32896
32896
32896
32896
32896
32896
32896
32896
32896
32896
32896
32896
32896
32896
32896
32896
32896
32896
32896
32896
32896
32896
32896
32896
32896
32896
32896
32896
32896
32896
32896
32896
32896
32896
32896
32896
32896
32896
32896
32896
43690
21845
43690
21845
43690
21845
43690
21845
21845
43690
21845
43690
21845
43690
21845
43690
43690
21845
43690
21845
43690
21845
43690
21845
21845
43690
21845
43690
21845
43690
21845
43690
43690
21845
43690
21845
43690
21845
43690
21845
21845
43690
21845
43690
21845
43690
21845
43690
43690
21845
43690
21845
43690
21845
43690
21845
21845
43690
21845
43690
21845
43690
21845
43690
