0 1 2 3 4 3 4 5 6 7 6 7 8 128 128 128 128 128 128 128 128 128 128 128 128 128 128 128 170 85 170 85 170 85 170
1 2 3 4 5 4 5 6 7 8 7 8 128 128 128 128 128 128 128 128 128 128 128 128 128 128 128 170 85 170 85 170 85 170 85
2 3 4 5 6 5 6 7 8 128 8 128 128 128 128 128 128 128 128 128 128 128 128 128 170 128 170 85 170 85 170 85 170 85 170
3 4 5 6 7 6 7 8 128 128 128 128 128 128 128 128 128 128 128 128 128 128 128 170 85 170 85 170 85 170 85 170 85 170 85
4 5 6 7 8 7 8 128 128 128 128 128 128 128 128 128 128 128 128 128 128 128 170 85 170 85 170 85 170 85 170 85 170 85 170
5 6 7 8 128 8 128 128 128 128 128 128 128 128 128 128 128 128 128 170 128 170 85 170 85 170 85 170 85 170 85 170 85 170 0
6 7 8 128 128 128 128 128 128 128 128 128 128 128 128 128 128 128 170 85 170 85 170 85 170 85 170 85 170 85 170 85 170 0 0
7 8 128 128 128 128 128 128 128 128 128 128 128 128 128 128 128 170 85 170 85 170 85 170 85 170 85 170 85 170 85 170 0 0 0
8 128 128 128 128 128 128 128 128 128 128 128 128 128 170 128 170 85 170 85 170 85 170 85 170 85 170 85 170 0 170 0 0 0 0
128 128 128 128 128 128 128 128 128 128 128 128 128 170 85 170 85 170 85 170 85 170 85 170 85 170 85 170 0 0 0 0 0 0 0
128 128 128 128 128 128 128 128 128 128 128 128 170 85 170 85 170 85 170 85 170 85 170 85 170 85 170 0 0 0 0 0 0 0 0
128 128 128 128 128 128 128 128 128 170 128 170 85 170 85 170 85 170 85 170 85 170 85 170 0 170 0 0 0 0 0 0 0 0 0
128 128 128 128 128 128 128 128 170 85 170 85 170 85 170 85 170 85 170 85 170 85 170 0 0 0 0 0 0 0 0 0 0 0 0
128 128 128 128 128 128 128 170 85 170 85 170 85 170 85 170 85 170 85 170 85 170 0 0 0 0 0 0 0 0 0 0 0 0 0
128 128 128 128 170 128 170 85 170 85 170 85 170 85 170 85 170 85 170 0 170 0 0 0 0 0 0 0 0 0 0 0 0 0 0
128 128 128 170 85 170 85 170 85 170 85 170 85 170 85 170 85 170 0 0 0 0 0 0 0 0 0 0 0 0 0 0 0 0 0
