0 0 0 0 0 0 0 0 0 0 0 0 0 0 0 0 0 0 1 2 3 4 5 6 7 8 9 10 11 12 13 14 15 16 17
0 0 0 0 0 0 0 0 0 0 0 0 0 0 0 0 0 1 2 3 4 5 6 7 8 9 10 11 12 13 14 15 16 17 18
0 0 0 0 0 0 0 0 0 0 0 0 0 0 0 0 1 2 3 4 5 6 7 8 9 10 11 12 13 14 15 16 17 18 19
0 0 0 0 0 0 0 0 0 0 0 0 0 0 0 1 2 3 4 5 6 7 8 9 10 11 12 13 14 15 16 17 18 19 20
0 0 0 0 0 0 0 0 0 0 0 0 0 0 1 2 3 4 5 6 7 8 9 10 11 12 13 14 15 16 17 18 19 20 21
0 0 0 0 0 0 0 0 0 0 0 0 0 1 2 3 4 5 6 7 8 9 10 11 12 13 14 15 16 17 18 19 20 21 22
0 0 0 0 0 0 0 0 0 0 0 0 1 2 3 4 5 6 7 8 9 10 11 12 13 14 15 16 17 18 19 20 21 22 23
0 0 0 0 0 0 0 0 0 0 0 1 2 3 4 5 6 7 8 9 10 11 12 13 14 15 16 17 18 19 20 21 22 23 24
0 0 0 0 0 0 0 0 0 0 1 2 3 4 5 6 7 8 9 10 11 12 13 14 15 16 17 18 19 20 21 22 23 24 128
0 0 0 0 0 0 0 0 0 1 2 3 4 5 6 7 8 9 10 11 12 13 14 15 16 17 18 19 20 21 22 23 24 128 128
0 0 0 0 0 0 0 0 1 2 3 4 5 6 7 8 9 10 11 12 13 14 15 16 17 18 19 20 21 22 23 24 128 128 128
0 0 0 0 0 0 0 1 2 3 4 5 6 7 8 9 10 11 12 13 14 15 16 17 18 19 20 21 22 23 24 128 128 128 128
0 0 0 0 0 0 1 2 3 4 5 6 7 8 9 10 11 12 13 14 15 16 17 18 19 20 21 22 23 24 128 128 128 128 128
0 0 0 0 0 1 2 3 4 5 6 7 8 9 10 11 12 13 14 15 16 17 18 19 20 21 22 23 24 128 128 128 128 128 128
0 0 0 0 1 2 3 4 5 6 7 8 9 10 11 12 13 14 15 16 17 18 19 20 21 22 23 24 128 128 128 128 128 128 128
0 0 0 1 2 3 4 5 6 7 8 9 10 11 12 13 14 15 16 17 18 19 20 21 22 23 24 128 128 128 128 128 128 128 128
0 0 1 2 3 4 5 6 7 8 9 10 11 12 13 14 15 16 17 18 19 20 21 22 23 24 128 128 128 128 128 128 128 128 128
0 1 2 3 4 5 6 7 8 9 10 11 12 13 14 15 16 17 18 19 20 21 22 23 24 128 128 128 128 128 128 128 128 128 128
1 2 3 4 5 6 7 8 9 10 11 12 13 14 15 16 17 18 19 20 21 22 23 24 128 128 128 128 128 128 128 128 128 128 128
2 3 4 5 6 7 8 9 10 11 12 13 14 15 16 17 18 19 20 21 22 23 24 128 128 128 128 128 128 128 128 128 128 128 128
3 4 5 6 7 8 9 10 11 12 13 14 15 16 17 18 19 20 21 22 23 24 128 128 128 128 128 128 128 128 128 128 128 128 128
4 5 6 7 8 9 10 11 12 13 14 15 16 17 18 19 20 21 22 23 24 128 128 128 128 128 128 128 128 128 128 128 128 128 128
5 6 7 8 9 10 11 12 13 14 15 16 17 18 19 20 21 22 23 24 128 128 128 128 128 128 128 128 128 128 128 128 128 128 128
6 7 8 9 10 11 12 13 14 15 16 17 18 19 20 21 22 23 24 128 128 128 128 128 128 128 128 128 128 128 128 128 128 128 128
7 8 9 10 11 12 13 14 15 16 17 18 19 20 21 22 23 24 128 128 128 128 128 128 128 128 128 128 128 128 128 128 128 128 128
8 9 10 11 12 13 14 15 16 17 18 19 20 21 22 23 24 128 128 128 128 128 128 128 128 128 128 128 128 128 128 128 128 128 128
9 10 11 12 13 14 15 16 17 18 19 20 21 22 23 24 128 128 128 128 128 128 128 128 128 128 128 128 128 128 128 128 128 128 128
10 11 12 13 14 15 16 17 18 19 20 21 22 23 24 128 128 128 128 128 128 128 128 128 128 128 128 128 128 128 128 128 128 128 128
11 12 13 14 15 16 17 18 19 20 21 22 23 24 128 128 128 128 128 128 128 128 128 128 128 128 128 128 128 128 128 128 128 128 128
12 13 14 15 16 17 18 19 20 21 22 23 24 128 128 128 128 128 128 128 128 128 128 128 128 128 128 128 128 128 128 128 128 128 128
13 14 15 16 17 18 19 20 21 22 23 24 128 128 128 128 128 128 128 128 128 128 128 128 128 128 128 128 128 128 128 128 128 128 128
14 15 16 17 18 19 20 21 22 23 24 128 128 128 128 128 128 128 128 128 128 128 128 128 128 128 128 128 128 128 128 128 128 128 128
15 16 17 18 19 20 21 22 23 24 128 128 128 128 128 128 128 128 128 128 128 128 128 128 128 128 128 128 128 128 128 128 128 128 128
16 17 18 19 20 21 22 23 24 128 128 128 128 128 128 128 128 128 128 128 128 128 128 128 128 128 128 128 128 128 128 128 128 128 170
17 18 19 20 21 22 23 24 128 128 128 128 128 128 128 128 128 128 128 128 128 128 128 128 128 128 128 128 128 128 128 128 128 170 85
18 19 20 21 22 23 24 128 128 128 128 128 128 128 128 128 128 128 128 128 128 128 128 128 128 128 128 128 128 128 128 128 170 85 170
19 20 21 22 23 24 128 128 128 128 128 128 128 128 128 128 128 128 128 128 128 128 128 128 128 128 128 128 128 128 128 170 85 170 85
20 21 22 23 24 128 128 128 128 128 128 128 128 128 128 128 128 128 128 128 128 128 128 128 128 128 128 128 128 128 170 85 170 85 170
21 22 23 24 128 128 128 128 128 128 128 128 128 128 128 128 128 128 128 128 128 128 128 128 128 128 128 128 128 170 85 170 85 170 85
22 23 24 128 128 128 128 128 128 128 128 128 128 128 128 128 128 128 128 128 128 128 128 128 128 128 128 128 170 85 170 85 170 85 170
23 24 128 128 128 128 128 128 128 128 128 128 128 128 128 128 128 128 128 128 128 128 128 128 128 128 128 170 85 170 85 170 85 170 85
24 128 128 128 128 128 128 128 128 128 128 128 128 128 128 128 128 128 128 128 128 128 128 128 128 128 170 85 170 85 170 85 170 85 170
128 128 128 128 128 128 128 128 128 128 128 128 128 128 128 128 128 128 128 128 128 128 128 128 128 170 85 170 85 170 85 170 85 170 85
128 128 128 128 128 128 128 128 128 128 128 128 128 128 128 128 128 128 128 128 128 128 128 128 170 85 170 85 170 85 170 85 170 85 170
128 128 128 128 128 128 128 128 128 128 128 128 128 128 128 128 128 128 128 128 128 128 128 170 85 170 85 170 85 170 85 170 85 170 85
128 128 128 128 128 128 128 128 128 128 128 128 128 128 128 128 128 128 128 128 128 128 170 85 170 85 170 85 170 85 170 85 170 85 170
128 128 128 128 128 128 128 128 128 128 128 128 128 128 128 128 128 128 128 128 128 170 85 170 85 170 85 170 85 170 85 170 85 170 85
128 128 128 128 128 128 128 128 128 128 128 128 128 128 128 128 128 128 128 128 170 85 170 85 170 85 170 85 170 85 170 85 170 85 170
128 128 128 128 128 128 128 128 128 128 128 128 128 128 128 128 128 128 128 170 85 170 85 170 85 170 85 170 85 170 85 170 85 170 85
128 128 128 128 128 128 128 128 128 128 128 128 128 128 128 128 128 128 170 85 170 85 170 85 170 85 170 85 170 85 170 85 170 85 170
128 128 128 128 128 128 128 128 128 128 128 128 128 128 128 128 128 170 85 170 85 170 85 170 85 170 85 170 85 170 85 170 85 170 85
128 128 128 128 128 128 128 128 128 128 128 128 128 128 128 128 170 85 170 85 170 85 170 85 170 85 170 85 170 85 170 85 170 85 170
128 128 128 128 128 128 128 128 128 128 128 128 128 128 128 170 85 170 85 170 85 170 85 170 85 170 85 170 85 170 85 170 85 170 85
128 128 128 128 128 128 128 128 128 128 128 128 128 128 170 85 170 85 170 85 170 85 170 85 170 85 170 85 170 85 170 85 170 85 170
128 128 128 128 128 128 128 128 128 128 128 128 128 170 85 170 85 170 85 170 85 170 85 170 85 170 85 170 85 170 85 170 85 170 85
128 128 128 128 128 128 128 128 128 128 128 128 170 85 170 85 170 85 170 85 170 85 170 85 170 85 170 85 170 85 170 85 170 85 170
128 128 128 128 128 128 128 128 128 128 128 170 85 170 85 170 85 170 85 170 85 170 85 170 85 170 85 170 85 170 85 170 85 170 85
128 128 128 128 128 128 128 128 128 128 170 85 170 85 170 85 170 85 170 85 170 85 170 85 170 85 170 85 170 85 170 85 170 85 170
128 128 128 128 128 128 128 128 128 170 85 170 85 170 85 170 85 170 85 170 85 170 85 170 85 170 85 170 85 170 85 170 85 170 0
128 128 128 128 128 128 128 128 170 85 170 85 170 85 170 85 170 85 170 85 170 85 170 85 170 85 170 85 170 85 170 85 170 0 0
