0 0 0 257 514 0 0 0 257 514 0 0 0 257 514 2056 2056 2056 2313 2570 4112 4112 4112 4369 4626
0 0 257 514 771 0 0 257 514 771 0 0 257 514 771 2056 2056 2313 2570 2827 4112 4112 4369 4626 4883
0 257 514 771 1028 0 257 514 771 1028 0 257 514 771 1028 2056 2313 2570 2827 3084 4112 4369 4626 4883 5140
257 514 771 1028 1285 257 514 771 1028 1285 257 514 771 1028 1285 2313 2570 2827 3084 3341 4369 4626 4883 5140 5397
514 771 1028 1285 1542 514 771 1028 1285 1542 514 771 1028 1285 1542 2570 2827 3084 3341 3598 4626 4883 5140 5397 5654
771 1028 1285 1542 1799 771 1028 1285 1542 1799 771 1028 1285 1542 1799 2827 3084 3341 3598 3855 4883 5140 5397 5654 5911
1028 1285 1542 1799 1799 1028 1285 1542 1799 1799 1028 1285 1542 1799 1799 3084 3341 3598 3855 3855 5140 5397 5654 5911 5911
1285 1542 1799 1799 1799 1285 1542 1799 1799 1799 1285 1542 1799 1799 1799 3341 3598 3855 3855 3855 5397 5654 5911 5911 5911
0 0 0 257 514 0 0 0 257 514 2056 2056 2056 2313 2570 4112 4112 4112 4369 4626 6168 6168 6168 6425 6682
0 0 257 514 771 0 0 257 514 771 2056 2056 2313 2570 2827 4112 4112 4369 4626 4883 6168 6168 6425 6682 6939
0 257 514 771 1028 0 257 514 771 1028 2056 2313 2570 2827 3084 4112 4369 4626 4883 5140 6168 6425 6682 6939 7196
257 514 771 1028 1285 257 514 771 1028 1285 2313 2570 2827 3084 3341 4369 4626 4883 5140 5397 6425 6682 6939 7196 7453
514 771 1028 1285 1542 514 771 1028 1285 1542 2570 2827 3084 3341 3598 4626 4883 5140 5397 5654 6682 6939 7196 7453 7710
771 1028 1285 1542 1799 771 1028 1285 1542 1799 2827 3084 3341 3598 3855 4883 5140 5397 5654 5911 6939 7196 7453 7710 7967
1028 1285 1542 1799 1799 1028 1285 1542 1799 1799 3084 3341 3598 3855 3855 5140 5397 5654 5911 5911 7196 7453 7710 7967 7967
1285 1542 1799 1799 1799 1285 1542 1799 1799 1799 3341 3598 3855 3855 3855 5397 5654 5911 5911 5911 7453 7710 7967 7967 7967
0 0 0 257 514 2056 2056 2056 2313 2570 4112 4112 4112 4369 4626 6168 6168 6168 6425 6682 8224 8224 8224 8481 8738
0 0 257 514 771 2056 2056 2313 2570 2827 4112 4112 4369 4626 4883 6168 6168 6425 6682 6939 8224 8224 8481 8738 8995
0 257 514 771 1028 2056 2313 2570 2827 3084 4112 4369 4626 4883 5140 6168 6425 6682 6939 7196 8224 8481 8738 8995 9252
257 514 771 1028 1285 2313 2570 2827 3084 3341 4369 4626 4883 5140 5397 6425 6682 6939 7196 7453 8481 8738 8995 9252 9509
514 771 1028 1285 1542 2570 2827 3084 3341 3598 4626 4883 5140 5397 5654 6682 6939 7196 7453 7710 8738 8995 9252 9509 9766
771 1028 1285 1542 1799 2827 3084 3341 3598 3855 4883 5140 5397 5654 5911 6939 7196 7453 7710 7967 8995 9252 9509 9766 10023
1028 1285 1542 1799 1799 3084 3341 3598 3855 3855 5140 5397 5654 5911 5911 7196 7453 7710 7967 7967 9252 9509 9766 10023 10023
1285 1542 1799 1799 1799 3341 3598 3855 3855 3855 5397 5654 5911 5911 5911 7453 7710 7967 7967 7967 9509 9766 10023 10023 10023
2056 2056 2056 2313 2570 4112 4112 4112 4369 4626 6168 6168 6168 6425 6682 8224 8224 8224 8481 8738 10280 10280 10280 10537 10794
2056 2056 2313 2570 2827 4112 4112 4369 4626 4883 6168 6168 6425 6682 6939 8224 8224 8481 8738 8995 10280 10280 10537 10794 11051
2056 2313 2570 2827 3084 4112 4369 4626 4883 5140 6168 6425 6682 6939 7196 8224 8481 8738 8995 9252 10280 10537 10794 11051 11308
2313 2570 2827 3084 3341 4369 4626 4883 5140 5397 6425 6682 6939 7196 7453 8481 8738 8995 9252 9509 10537 10794 11051 11308 11565
2570 2827 3084 3341 3598 4626 4883 5140 5397 5654 6682 6939 7196 7453 7710 8738 8995 9252 9509 9766 10794 11051 11308 11565 11822
2827 3084 3341 3598 3855 4883 5140 5397 5654 5911 6939 7196 7453 7710 7967 8995 9252 9509 9766 10023 11051 11308 11565 11822 12079
3084 3341 3598 3855 3855 5140 5397 5654 5911 5911 7196 7453 7710 7967 7967 9252 9509 9766 10023 10023 11308 11565 11822 12079 12079
3341 3598 3855 3855 3855 5397 5654 5911 5911 5911 7453 7710 7967 7967 7967 9509 9766 10023 10023 10023 11565 11822 12079 12079 12079
4112 4112 4112 4369 4626 6168 6168 6168 6425 6682 8224 8224 8224 8481 8738 10280 10280 10280 10537 10794 12336 12336 12336 12593 12850
4112 4112 4369 4626 4883 6168 6168 6425 6682 6939 8224 8224 8481 8738 8995 10280 10280 10537 10794 11051 12336 12336 12593 12850 13107
4112 4369 4626 4883 5140 6168 6425 6682 6939 7196 8224 8481 8738 8995 9252 10280 10537 10794 11051 11308 12336 12593 12850 13107 13364
4369 4626 4883 5140 5397 6425 6682 6939 7196 7453 8481 8738 8995 9252 9509 10537 10794 11051 11308 11565 12593 12850 13107 13364 13621
4626 4883 5140 5397 5654 6682 6939 7196 7453 7710 8738 8995 9252 9509 9766 10794 11051 11308 11565 11822 12850 13107 13364 13621 13878
4883 5140 5397 5654 5911 6939 7196 7453 7710 7967 8995 9252 9509 9766 10023 11051 11308 11565 11822 12079 13107 13364 13621 13878 14135
5140 5397 5654 5911 5911 7196 7453 7710 7967 7967 9252 9509 9766 10023 10023 11308 11565 11822 12079 12079 13364 13621 13878 14135 14135
5397 5654 5911 5911 5911 7453 7710 7967 7967 7967 9509 9766 10023 10023 10023 11565 11822 12079 12079 12079 13621 13878 14135 14135 14135
6168 6168 6168 6425 6682 8224 8224 8224 8481 8738 10280 10280 10280 10537 10794 12336 12336 12336 12593 12850 14392 14392 14392 14649 14906
6168 6168 6425 6682 6939 8224 8224 8481 8738 8995 10280 10280 10537 10794 11051 12336 12336 12593 12850 13107 14392 14392 14649 14906 15163
6168 6425 6682 6939 7196 8224 8481 8738 8995 9252 10280 10537 10794 11051 11308 12336 12593 12850 13107 13364 14392 14649 14906 15163 15420
6425 6682 6939 7196 7453 8481 8738 8995 9252 9509 10537 10794 11051 11308 11565 12593 12850 13107 13364 13621 14649 14906 15163 15420 15677
6682 6939 7196 7453 7710 8738 8995 9252 9509 9766 10794 11051 11308 11565 11822 12850 13107 13364 13621 13878 14906 15163 15420 15677 15934
6939 7196 7453 7710 7967 8995 9252 9509 9766 10023 11051 11308 11565 11822 12079 13107 13364 13621 13878 14135 15163 15420 15677 15934 16191
7196 7453 7710 7967 7967 9252 9509 9766 10023 10023 11308 11565 11822 12079 12079 13364 13621 13878 14135 14135 15420 15677 15934 16191 16191
7453 7710 7967 7967 7967 9509 9766 10023 10023 10023 11565 11822 12079 12079 12079 13621 13878 14135 14135 14135 15677 15934 16191 16191 16191
8224 8224 8224 8481 8738 10280 10280 10280 10537 10794 12336 12336 12336 12593 12850 14392 14392 14392 14649 14906 14392 14392 14392 14649 14906
8224 8224 8481 8738 8995 10280 10280 10537 10794 11051 12336 12336 12593 12850 13107 14392 14392 14649 14906 15163 14392 14392 14649 14906 15163
8224 8481 8738 8995 9252 10280 10537 10794 11051 11308 12336 12593 12850 13107 13364 14392 14649 14906 15163 15420 14392 14649 14906 15163 15420
8481 8738 8995 9252 9509 10537 10794 11051 11308 11565 12593 12850 13107 13364 13621 14649 14906 15163 15420 15677 14649 14906 15163 15420 15677
8738 8995 9252 9509 9766 10794 11051 11308 11565 11822 12850 13107 13364 13621 13878 14906 15163 15420 15677 15934 14906 15163 15420 15677 15934
8995 9252 9509 9766 10023 11051 11308 11565 11822 12079 13107 13364 13621 13878 14135 15163 15420 15677 15934 16191 15163 15420 15677 15934 16191
9252 9509 9766 10023 10023 11308 11565 11822 12079 12079 13364 13621 13878 14135 14135 15420 15677 15934 16191 16191 15420 15677 15934 16191 16191
9509 9766 10023 10023 10023 11565 11822 12079 12079 12079 13621 13878 14135 14135 14135 15677 15934 16191 16191 16191 15677 15934 16191 16191 16191
10280 10280 10280 10537 10794 12336 12336 12336 12593 12850 14392 14392 14392 14649 14906 14392 14392 14392 14649 14906 14392 14392 14392 14649 14906
10280 10280 10537 10794 11051 12336 12336 12593 12850 13107 14392 14392 14649 14906 15163 14392 14392 14649 14906 15163 14392 14392 14649 14906 15163
10280 10537 10794 11051 11308 12336 12593 12850 13107 13364 14392 14649 14906 15163 15420 14392 14649 14906 15163 15420 14392 14649 14906 15163 15420
10537 10794 11051 11308 11565 12593 12850 13107 13364 13621 14649 14906 15163 15420 15677 14649 14906 15163 15420 15677 14649 14906 15163 15420 15677
10794 11051 11308 11565 11822 12850 13107 13364 13621 13878 14906 15163 15420 15677 15934 14906 15163 15420 15677 15934 14906 15163 15420 15677 15934
11051 11308 11565 11822 12079 13107 13364 13621 13878 14135 15163 15420 15677 15934 16191 15163 15420 15677 15934 16191 15163 15420 15677 15934 16191
11308 11565 11822 12079 12079 13364 13621 13878 14135 14135 15420 15677 15934 16191 16191 15420 15677 15934 16191 16191 15420 15677 15934 16191 16191
11565 11822 12079 12079 12079 13621 13878 14135 14135 14135 15677 15934 16191 16191 16191 15677 15934 16191 16191 16191 15677 15934 16191 16191 16191
32896 32896 32896 32896 32896 32896 32896 32896 32896 32896 32896 32896 32896 32896 32896 32896 32896 32896 32896 32896 32896 32896 32896 32896 32896
32896 32896 32896 32896 32896 32896 32896 32896 32896 32896 32896 32896 32896 32896 32896 32896 32896 32896 32896 32896 32896 32896 32896 32896 32896
32896 32896 32896 32896 32896 32896 32896 32896 32896 32896 32896 32896 32896 32896 32896 32896 32896 32896 32896 32896 32896 32896 32896 32896 32896
32896 32896 32896 32896 32896 32896 32896 32896 32896 32896 32896 32896 32896 32896 32896 32896 32896 32896 32896 32896 32896 32896 32896 32896 32896
32896 32896 32896 32896 32896 32896 32896 32896 32896 32896 32896 32896 32896 32896 32896 32896 32896 32896 32896 32896 32896 32896 32896 32896 32896
32896 32896 32896 32896 32896 32896 32896 32896 32896 32896 32896 32896 32896 32896 32896 32896 32896 32896 32896 32896 32896 32896 32896 32896 32896
32896 32896 32896 32896 32896 32896 32896 32896 32896 32896 32896 32896 32896 32896 32896 32896 32896 32896 32896 32896 32896 32896 32896 32896 32896
32896 32896 32896 32896 32896 32896 32896 32896 32896 32896 32896 32896 32896 32896 32896 32896 32896 32896 32896 32896 32896 32896 32896 32896 32896
32896 32896 32896 32896 32896 32896 32896 32896 32896 32896 32896 32896 32896 32896 32896 32896 32896 32896 32896 32896 32896 32896 32896 32896 32896
32896 32896 32896 32896 32896 32896 32896 32896 32896 32896 32896 32896 32896 32896 32896 32896 32896 32896 32896 32896 32896 32896 32896 32896 32896
32896 32896 32896 32896 32896 32896 32896 32896 32896 32896 32896 32896 32896 32896 32896 32896 32896 32896 32896 32896 32896 32896 32896 32896 32896
32896 32896 32896 32896 32896 32896 32896 32896 32896 32896 32896 32896 32896 32896 32896 32896 32896 32896 32896 32896 32896 32896 32896 32896 32896
32896 32896 32896 32896 32896 32896 32896 32896 32896 32896 32896 32896 32896 32896 32896 32896 32896 32896 32896 32896 32896 32896 32896 32896 32896
32896 32896 32896 32896 32896 32896 32896 32896 32896 32896 32896 32896 32896 32896 32896 32896 32896 32896 32896 32896 32896 32896 32896 32896 32896
32896 32896 32896 32896 32896 32896 32896 32896 32896 32896 32896 32896 32896 32896 32896 32896 32896 32896 32896 32896 32896 32896 32896 32896 32896
32896 32896 32896 32896 32896 32896 32896 32896 32896 32896 32896 32896 32896 32896 32896 32896 32896 32896 32896 32896 32896 32896 32896 32896 32896
32896 32896 32896 32896 32896 32896 32896 32896 32896 32896 32896 32896 32896 32896 32896 32896 32896 32896 32896 32896 32896 32896 32896 32896 32896
32896 32896 32896 32896 32896 32896 32896 32896 32896 32896 32896 32896 32896 32896 32896 32896 32896 32896 32896 32896 32896 32896 32896 32896 32896
32896 32896 32896 32896 32896 32896 32896 32896 32896 32896 32896 32896 32896 32896 32896 32896 32896 32896 32896 32896 32896 32896 32896 32896 32896
32896 32896 32896 32896 32896 32896 32896 32896 32896 32896 32896 32896 32896 32896 32896 32896 32896 32896 32896 32896 32896 32896 32896 32896 32896
32896 32896 32896 32896 32896 32896 32896 32896 32896 32896 32896 32896 32896 32896 32896 32896 32896 32896 32896 32896 32896 32896 32896 32896 32896
32896 32896 32896 32896 32896 32896 32896 32896 32896 32896 32896 32896 32896 32896 32896 32896 32896 32896 32896 32896 32896 32896 32896 32896 32896
32896 32896 32896 32896 32896 32896 32896 32896 32896 32896 32896 32896 32896 32896 32896 32896 32896 32896 32896 32896 32896 32896 32896 32896 32896
32896 32896 32896 32896 32896 32896 32896 32896 32896 32896 32896 32896 32896 32896 32896 32896 32896 32896 32896 32896 32896 32896 32896 32896 32896
32896 32896 32896 32896 32896 32896 32896 32896 32896 32896 32896 32896 32896 32896 32896 32896 32896 32896 32896 32896 32896 32896 32896 32896 32896
32896 32896 32896 32896 32896 32896 32896 32896 32896 32896 32896 32896 32896 32896 32896 32896 32896 32896 32896 32896 32896 32896 32896 32896 32896
32896 32896 32896 32896 32896 32896 32896 32896 32896 32896 32896 32896 32896 32896 32896 32896 32896 32896 32896 32896 32896 32896 32896 32896 32896
32896 32896 32896 32896 32896 32896 32896 32896 32896 32896 32896 32896 32896 32896 32896 32896 32896 32896 32896 32896 32896 32896 32896 32896 32896
32896 32896 32896 32896 32896 32896 32896 32896 32896 32896 32896 32896 32896 32896 32896 32896 32896 32896 32896 32896 32896 32896 32896 32896 32896
32896 32896 32896 32896 32896 32896 32896 32896 32896 32896 32896 32896 32896 32896 32896 32896 32896 32896 32896 32896 32896 32896 32896 32896 32896
32896 32896 32896 32896 32896 32896 32896 32896 32896 32896 32896 32896 32896 32896 32896 32896 32896 32896 32896 32896 32896 32896 32896 32896 32896
32896 32896 32896 32896 32896 32896 32896 32896 32896 32896 32896 32896 32896 32896 32896 32896 32896 32896 32896 32896 32896 32896 32896 32896 32896
32896 32896 32896 32896 32896 32896 32896 32896 32896 32896 32896 32896 32896 32896 32896 32896 32896 32896 32896 32896 32896 32896 32896 32896 32896
32896 32896 32896 32896 32896 32896 32896 32896 32896 32896 32896 32896 32896 32896 32896 32896 32896 32896 32896 32896 32896 32896 32896 32896 32896
32896 32896 32896 32896 32896 32896 32896 32896 32896 32896 32896 32896 32896 32896 32896 32896 32896 32896 32896 32896 32896 32896 32896 32896 32896
32896 32896 32896 32896 32896 32896 32896 32896 32896 32896 32896 32896 32896 32896 32896 32896 32896 32896 32896 32896 32896 32896 32896 32896 32896
32896 32896 32896 32896 32896 32896 32896 32896 32896 32896 32896 32896 32896 32896 32896 32896 32896 32896 32896 32896 32896 32896 32896 32896 32896
32896 32896 32896 32896 32896 32896 32896 32896 32896 32896 32896 32896 32896 32896 32896 32896 32896 32896 32896 32896 32896 32896 32896 32896 32896
32896 32896 32896 32896 32896 32896 32896 32896 32896 32896 32896 32896 32896 32896 32896 32896 32896 32896 32896 32896 32896 32896 32896 32896 32896
32896 32896 32896 32896 32896 32896 32896 32896 32896 32896 32896 32896 32896 32896 32896 32896 32896 32896 32896 32896 32896 32896 32896 32896 32896
32896 32896 32896 32896 32896 32896 32896 32896 32896 32896 32896 32896 32896 32896 32896 32896 32896 32896 32896 32896 32896 32896 32896 32896 32896
32896 32896 32896 32896 32896 32896 32896 32896 32896 32896 32896 32896 32896 32896 32896 32896 32896 32896 32896 32896 32896 32896 32896 32896 32896
32896 32896 32896 32896 32896 32896 32896 32896 32896 32896 32896 32896 32896 32896 32896 32896 32896 32896 32896 32896 32896 32896 32896 32896 32896
32896 32896 32896 32896 32896 32896 32896 32896 32896 32896 32896 32896 32896 32896 32896 32896 32896 32896 32896 32896 32896 32896 32896 32896 32896
32896 32896 32896 32896 32896 32896 32896 32896 32896 32896 32896 32896 32896 32896 32896 32896 32896 32896 32896 32896 32896 32896 32896 32896 32896
32896 32896 32896 32896 32896 32896 32896 32896 32896 32896 32896 32896 32896 32896 32896 32896 32896 32896 32896 32896 32896 32896 32896 32896 32896
32896 32896 32896 32896 32896 32896 32896 32896 32896 32896 32896 32896 32896 32896 32896 32896 32896 32896 32896 32896 32896 32896 32896 32896 32896
32896 32896 32896 32896 32896 32896 32896 32896 32896 32896 32896 32896 32896 32896 32896 32896 32896 32896 32896 32896 32896 32896 32896 32896 32896
32896 32896 32896 32896 32896 32896 32896 32896 32896 32896 32896 32896 32896 32896 32896 32896 32896 32896 32896 32896 32896 32896 32896 32896 32896
32896 32896 32896 32896 32896 32896 32896 32896 32896 32896 32896 32896 32896 32896 32896 32896 32896 32896 32896 32896 32896 32896 32896 32896 32896
32896 32896 32896 32896 32896 32896 32896 32896 32896 32896 32896 32896 32896 32896 32896 32896 32896 32896 32896 32896 32896 32896 32896 32896 32896
32896 32896 32896 32896 32896 32896 32896 32896 32896 32896 32896 32896 32896 32896 32896 32896 32896 32896 32896 32896 32896 32896 32896 32896 32896
32896 32896 32896 32896 32896 32896 32896 32896 32896 32896 32896 32896 32896 32896 32896 32896 32896 32896 32896 32896 32896 32896 32896 32896 32896
32896 32896 32896 32896 32896 32896 32896 32896 32896 32896 32896 32896 32896 32896 32896 32896 32896 32896 32896 32896 32896 32896 32896 32896 32896
32896 32896 32896 32896 32896 32896 32896 32896 32896 32896 32896 32896 32896 32896 32896 32896 32896 32896 32896 32896 32896 32896 32896 32896 32896
32896 32896 32896 32896 32896 32896 32896 32896 32896 32896 32896 32896 32896 32896 32896 32896 32896 32896 32896 32896 32896 32896 32896 32896 32896
32896 32896 32896 32896 32896 32896 32896 32896 32896 32896 32896 32896 32896 32896 32896 32896 32896 32896 32896 32896 32896 32896 32896 32896 32896
32896 32896 32896 32896 32896 32896 32896 32896 32896 32896 32896 32896 32896 32896 32896 32896 32896 32896 32896 32896 32896 32896 32896 32896 32896
32896 32896 32896 32896 32896 32896 32896 32896 32896 32896 32896 32896 32896 32896 32896 32896 32896 32896 32896 32896 32896 32896 32896 32896 32896
32896 32896 32896 32896 32896 32896 32896 32896 32896 32896 32896 32896 32896 32896 32896 32896 32896 32896 32896 32896 32896 32896 32896 32896 32896
32896 32896 32896 32896 32896 32896 32896 32896 32896 32896 32896 32896 32896 32896 32896 32896 32896 32896 32896 32896 32896 32896 32896 32896 32896
32896 32896 32896 32896 32896 32896 32896 32896 32896 32896 32896 32896 32896 32896 32896 32896 32896 32896 32896 32896 32896 32896 32896 32896 32896
32896 32896 32896 32896 32896 32896 32896 32896 32896 32896 32896 32896 32896 32896 32896 32896 32896 32896 32896 32896 32896 32896 32896 32896 32896
32896 32896 32896 32896 32896 32896 32896 32896 32896 32896 32896 32896 32896 32896 32896 32896 32896 32896 32896 32896 32896 32896 32896 32896 32896
43690 43690 43690 21845 43690 43690 43690 43690 21845 43690 43690 43690 43690 21845 43690 21845 21845 21845 43690 21845 43690 43690 43690 21845 43690
43690 43690 21845 43690 21845 43690 43690 21845 43690 21845 43690 43690 21845 43690 21845 21845 21845 43690 21845 43690 43690 43690 21845 43690 21845
43690 21845 43690 21845 43690 43690 21845 43690 21845 43690 43690 21845 43690 21845 43690 21845 43690 21845 43690 21845 43690 21845 43690 21845 43690
21845 43690 21845 43690 21845 21845 43690 21845 43690 21845 21845 43690 21845 43690 21845 43690 21845 43690 21845 43690 21845 43690 21845 43690 21845
43690 21845 43690 21845 43690 43690 21845 43690 21845 43690 43690 21845 43690 21845 43690 21845 43690 21845 43690 21845 43690 21845 43690 21845 43690
21845 43690 21845 43690 21845 21845 43690 21845 43690 21845 21845 43690 21845 43690 21845 43690 21845 43690 21845 43690 21845 43690 21845 43690 21845
43690 21845 43690 21845 21845 43690 21845 43690 21845 21845 43690 21845 43690 21845 21845 21845 43690 21845 43690 43690 43690 21845 43690 21845 21845
21845 43690 21845 21845 21845 21845 43690 21845 21845 21845 21845 43690 21845 21845 21845 43690 21845 43690 43690 43690 21845 43690 21845 21845 21845
43690 43690 43690 21845 43690 43690 43690 43690 21845 43690 21845 21845 21845 43690 21845 43690 43690 43690 21845 43690 21845 21845 21845 43690 21845
43690 43690 21845 43690 21845 43690 43690 21845 43690 21845 21845 21845 43690 21845 43690 43690 43690 21845 43690 21845 21845 21845 43690 21845 43690
43690 21845 43690 21845 43690 43690 21845 43690 21845 43690 21845 43690 21845 43690 21845 43690 21845 43690 21845 43690 21845 43690 21845 43690 21845
21845 43690 21845 43690 21845 21845 43690 21845 43690 21845 43690 21845 43690 21845 43690 21845 43690 21845 43690 21845 43690 21845 43690 21845 43690
43690 21845 43690 21845 43690 43690 21845 43690 21845 43690 21845 43690 21845 43690 21845 43690 21845 43690 21845 43690 21845 43690 21845 43690 21845
21845 43690 21845 43690 21845 21845 43690 21845 43690 21845 43690 21845 43690 21845 43690 21845 43690 21845 43690 21845 43690 21845 43690 21845 43690
43690 21845 43690 21845 21845 43690 21845 43690 21845 21845 21845 43690 21845 43690 43690 43690 21845 43690 21845 21845 21845 43690 21845 43690 43690
21845 43690 21845 21845 21845 21845 43690 21845 21845 21845 43690 21845 43690 43690 43690 21845 43690 21845 21845 21845 43690 21845 43690 43690 43690
43690 43690 43690 21845 43690 21845 21845 21845 43690 21845 43690 43690 43690 21845 43690 21845 21845 21845 43690 21845 43690 43690 43690 21845 43690
43690 43690 21845 43690 21845 21845 21845 43690 21845 43690 43690 43690 21845 43690 21845 21845 21845 43690 21845 43690 43690 43690 21845 43690 21845
43690 21845 43690 21845 43690 21845 43690 21845 43690 21845 43690 21845 43690 21845 43690 21845 43690 21845 43690 21845 43690 21845 43690 21845 43690
21845 43690 21845 43690 21845 43690 21845 43690 21845 43690 21845 43690 21845 43690 21845 43690 21845 43690 21845 43690 21845 43690 21845 43690 21845
43690 21845 43690 21845 43690 21845 43690 21845 43690 21845 43690 21845 43690 21845 43690 21845 43690 21845 43690 21845 43690 21845 43690 21845 43690
21845 43690 21845 43690 21845 43690 21845 43690 21845 43690 21845 43690 21845 43690 21845 43690 21845 43690 21845 43690 21845 43690 21845 43690 21845
43690 21845 43690 21845 21845 21845 43690 21845 43690 43690 43690 21845 43690 21845 21845 21845 43690 21845 43690 43690 43690 21845 43690 21845 21845
21845 43690 21845 21845 21845 43690 21845 43690 43690 43690 21845 43690 21845 21845 21845 43690 21845 43690 43690 43690 21845 43690 21845 21845 21845
21845 21845 21845 43690 21845 43690 43690 43690 21845 43690 21845 21845 21845 43690 21845 43690 43690 43690 21845 43690 21845 21845 21845 43690 21845
21845 21845 43690 21845 43690 43690 43690 21845 43690 21845 21845 21845 43690 21845 43690 43690 43690 21845 43690 21845 21845 21845 43690 21845 43690
21845 43690 21845 43690 21845 43690 21845 43690 21845 43690 21845 43690 21845 43690 21845 43690 21845 43690 21845 43690 21845 43690 21845 43690 21845
43690 21845 43690 21845 43690 21845 43690 21845 43690 21845 43690 21845 43690 21845 43690 21845 43690 21845 43690 21845 43690 21845 43690 21845 43690
21845 43690 21845 43690 21845 43690 21845 43690 21845 43690 21845 43690 21845 43690 21845 43690 21845 43690 21845 43690 21845 43690 21845 43690 21845
43690 21845 43690 21845 43690 21845 43690 21845 43690 21845 43690 21845 43690 21845 43690 21845 43690 21845 43690 21845 43690 21845 43690 21845 43690
21845 43690 21845 43690 43690 43690 21845 43690 21845 21845 21845 43690 21845 43690 43690 43690 21845 43690 21845 21845 21845 43690 21845 43690 43690
43690 21845 43690 43690 43690 21845 43690 21845 21845 21845 43690 21845 43690 43690 43690 21845 43690 21845 21845 21845 43690 21845 43690 43690 43690
43690 43690 43690 21845 43690 21845 21845 21845 43690 21845 43690 43690 43690 21845 43690 21845 21845 21845 43690 21845 43690 43690 43690 21845 43690
43690 43690 21845 43690 21845 21845 21845 43690 21845 43690 43690 43690 21845 43690 21845 21845 21845 43690 21845 43690 43690 43690 21845 43690 21845
43690 21845 43690 21845 43690 21845 43690 21845 43690 21845 43690 21845 43690 21845 43690 21845 43690 21845 43690 21845 43690 21845 43690 21845 43690
21845 43690 21845 43690 21845 43690 21845 43690 21845 43690 21845 43690 21845 43690 21845 43690 21845 43690 21845 43690 21845 43690 21845 43690 21845
43690 21845 43690 21845 43690 21845 43690 21845 43690 21845 43690 21845 43690 21845 43690 21845 43690 21845 43690 21845 43690 21845 43690 21845 43690
21845 43690 21845 43690 21845 43690 21845 43690 21845 43690 21845 43690 21845 43690 21845 43690 21845 43690 21845 43690 21845 43690 21845 43690 21845
43690 21845 43690 21845 21845 21845 43690 21845 43690 43690 43690 21845 43690 21845 21845 21845 43690 21845 43690 43690 43690 21845 43690 21845 21845
21845 43690 21845 21845 21845 43690 21845 43690 43690 43690 21845 43690 21845 21845 21845 43690 21845 43690 43690 43690 21845 43690 21845 21845 21845
21845 21845 21845 43690 21845 43690 43690 43690 21845 43690 21845 21845 21845 43690 21845 43690 43690 43690 21845 43690 21845 21845 21845 43690 21845
21845 21845 43690 21845 43690 43690 43690 21845 43690 21845 21845 21845 43690 21845 43690 43690 43690 21845 43690 21845 21845 21845 43690 21845 43690
21845 43690 21845 43690 21845 43690 21845 43690 21845 43690 21845 43690 21845 43690 21845 43690 21845 43690 21845 43690 21845 43690 21845 43690 21845
43690 21845 43690 21845 43690 21845 43690 21845 43690 21845 43690 21845 43690 21845 43690 21845 43690 21845 43690 21845 43690 21845 43690 21845 43690
21845 43690 21845 43690 21845 43690 21845 43690 21845 43690 21845 43690 21845 43690 21845 43690 21845 43690 21845 43690 21845 43690 21845 43690 21845
43690 21845 43690 21845 43690 21845 43690 21845 43690 21845 43690 21845 43690 21845 43690 21845 43690 21845 43690 21845 43690 21845 43690 21845 43690
21845 43690 21845 43690 43690 43690 21845 43690 21845 21845 21845 43690 21845 43690 43690 43690 21845 43690 21845 21845 21845 43690 21845 43690 43690
43690 21845 43690 43690 43690 21845 43690 21845 21845 21845 43690 21845 43690 43690 43690 21845 43690 21845 21845 21845 43690 21845 43690 43690 43690
43690 43690 43690 21845 43690 21845 21845 21845 43690 21845 43690 43690 43690 21845 43690 21845 21845 21845 43690 21845 21845 21845 21845 43690 21845
43690 43690 21845 43690 21845 21845 21845 43690 21845 43690 43690 43690 21845 43690 21845 21845 21845 43690 21845 43690 21845 21845 43690 21845 43690
43690 21845 43690 21845 43690 21845 43690 21845 43690 21845 43690 21845 43690 21845 43690 21845 43690 21845 43690 21845 21845 43690 21845 43690 21845
21845 43690 21845 43690 21845 43690 21845 43690 21845 43690 21845 43690 21845 43690 21845 43690 21845 43690 21845 43690 43690 21845 43690 21845 43690
43690 21845 43690 21845 43690 21845 43690 21845 43690 21845 43690 21845 43690 21845 43690 21845 43690 21845 43690 21845 21845 43690 21845 43690 21845
21845 43690 21845 43690 21845 43690 21845 43690 21845 43690 21845 43690 21845 43690 21845 43690 21845 43690 21845 43690 43690 21845 43690 21845 43690
43690 21845 43690 21845 21845 21845 43690 21845 43690 43690 43690 21845 43690 21845 21845 21845 43690 21845 43690 43690 21845 43690 21845 43690 43690
21845 43690 21845 21845 21845 43690 21845 43690 43690 43690 21845 43690 21845 21845 21845 43690 21845 43690 43690 43690 43690 21845 43690 43690 43690
21845 21845 21845 43690 21845 43690 43690 43690 21845 43690 21845 21845 21845 43690 21845 21845 21845 21845 43690 21845 21845 21845 21845 43690 21845
21845 21845 43690 21845 43690 43690 43690 21845 43690 21845 21845 21845 43690 21845 43690 21845 21845 43690 21845 43690 21845 21845 43690 21845 43690
21845 43690 21845 43690 21845 43690 21845 43690 21845 43690 21845 43690 21845 43690 21845 21845 43690 21845 43690 21845 21845 43690 21845 43690 21845
43690 21845 43690 21845 43690 21845 43690 21845 43690 21845 43690 21845 43690 21845 43690 43690 21845 43690 21845 43690 43690 21845 43690 21845 43690
21845 43690 21845 43690 21845 43690 21845 43690 21845 43690 21845 43690 21845 43690 21845 21845 43690 21845 43690 21845 21845 43690 21845 43690 21845
43690 21845 43690 21845 43690 21845 43690 21845 43690 21845 43690 21845 43690 21845 43690 43690 21845 43690 21845 43690 43690 21845 43690 21845 43690
21845 43690 21845 43690 43690 43690 21845 43690 21845 21845 21845 43690 21845 43690 43690 21845 43690 21845 43690 43690 21845 43690 21845 43690 43690
43690 21845 43690 43690 43690 21845 43690 21845 21845 21845 43690 21845 43690 43690 43690 43690 21845 43690 43690 43690 43690 21845 43690 43690 43690
