0 0 0 0 0 0 0 0 0 0 0 0 0 0 0 0 0 0 0 0 0 0 0 0 0
0 0 0 0 0 0 0 0 0 0 0 0 0 0 0 0 0 0 0 0 257 0 0 0 0
0 0 0 0 0 0 0 0 0 0 0 0 0 0 0 0 0 0 0 0 514 257 0 0 0
0 0 0 0 0 0 0 0 0 0 0 0 0 0 0 0 0 0 0 0 771 514 257 0 0
0 0 0 0 0 0 0 0 0 0 0 0 0 0 0 0 0 0 0 0 1028 771 514 257 0
0 0 0 0 0 0 0 0 0 0 0 0 0 0 0 0 0 0 0 0 1285 1028 771 514 257
0 0 0 0 0 0 0 0 0 0 0 0 0 0 0 0 0 0 0 0 1542 1285 1028 771 514
0 0 0 0 0 0 0 0 0 0 0 0 0 0 0 0 0 0 0 0 1799 1542 1285 1028 771
0 0 0 0 0 0 0 0 0 0 0 0 0 0 0 0 0 0 0 0 2056 1799 1542 1285 1028
0 0 0 0 0 0 0 0 0 0 0 0 0 0 0 257 0 0 0 0 2313 2056 1799 1542 1285
0 0 0 0 0 0 0 0 0 0 0 0 0 0 0 514 257 0 0 0 2570 2313 2056 1799 1542
0 0 0 0 0 0 0 0 0 0 0 0 0 0 0 771 514 257 0 0 2827 2570 2313 2056 1799
0 0 0 0 0 0 0 0 0 0 0 0 0 0 0 1028 771 514 257 0 3084 2827 2570 2313 2056
0 0 0 0 0 0 0 0 0 0 0 0 0 0 0 1285 1028 771 514 257 3341 3084 2827 2570 2313
0 0 0 0 0 0 0 0 0 0 0 0 0 0 0 1542 1285 1028 771 514 3598 3341 3084 2827 2570
0 0 0 0 0 0 0 0 0 0 0 0 0 0 0 1799 1542 1285 1028 771 3855 3598 3341 3084 2827
0 0 0 0 0 0 0 0 0 0 0 0 0 0 0 2056 1799 1542 1285 1028 4112 3855 3598 3341 3084
0 0 0 0 0 0 0 0 0 0 257 0 0 0 0 2313 2056 1799 1542 1285 4369 4112 3855 3598 3341
0 0 0 0 0 0 0 0 0 0 514 257 0 0 0 2570 2313 2056 1799 1542 4626 4369 4112 3855 3598
0 0 0 0 0 0 0 0 0 0 771 514 257 0 0 2827 2570 2313 2056 1799 4883 4626 4369 4112 3855
0 0 0 0 0 0 0 0 0 0 1028 771 514 257 0 3084 2827 2570 2313 2056 5140 4883 4626 4369 4112
0 0 0 0 0 0 0 0 0 0 1285 1028 771 514 257 3341 3084 2827 2570 2313 5397 5140 4883 4626 4369
0 0 0 0 0 0 0 0 0 0 1542 1285 1028 771 514 3598 3341 3084 2827 2570 5654 5397 5140 4883 4626
0 0 0 0 0 0 0 0 0 0 1799 1542 1285 1028 771 3855 3598 3341 3084 2827 5911 5654 5397 5140 4883
0 0 0 0 0 0 0 0 0 0 2056 1799 1542 1285 1028 4112 3855 3598 3341 3084 6168 5911 5654 5397 5140
0 0 0 0 0 257 0 0 0 0 2313 2056 1799 1542 1285 4369 4112 3855 3598 3341 6425 6168 5911 5654 5397
0 0 0 0 0 514 257 0 0 0 2570 2313 2056 1799 1542 4626 4369 4112 3855 3598 6682 6425 6168 5911 5654
0 0 0 0 0 771 514 257 0 0 2827 2570 2313 2056 1799 4883 4626 4369 4112 3855 6939 6682 6425 6168 5911
0 0 0 0 0 1028 771 514 257 0 3084 2827 2570 2313 2056 5140 4883 4626 4369 4112 7196 6939 6682 6425 6168
0 0 0 0 0 1285 1028 771 514 257 3341 3084 2827 2570 2313 5397 5140 4883 4626 4369 7453 7196 6939 6682 6425
0 0 0 0 0 1542 1285 1028 771 514 3598 3341 3084 2827 2570 5654 5397 5140 4883 4626 7710 7453 7196 6939 6682
0 0 0 0 0 1799 1542 1285 1028 771 3855 3598 3341 3084 2827 5911 5654 5397 5140 4883 7967 7710 7453 7196 6939
0 0 0 0 0 2056 1799 1542 1285 1028 4112 3855 3598 3341 3084 6168 5911 5654 5397 5140 8224 7967 7710 7453 7196
257 0 0 0 0 2313 2056 1799 1542 1285 4369 4112 3855 3598 3341 6425 6168 5911 5654 5397 8481 8224 7967 7710 7453
514 257 0 0 0 2570 2313 2056 1799 1542 4626 4369 4112 3855 3598 6682 6425 6168 5911 5654 8738 8481 8224 7967 7710
771 514 257 0 0 2827 2570 2313 2056 1799 4883 4626 4369 4112 3855 6939 6682 6425 6168 5911 8995 8738 8481 8224 7967
1028 771 514 257 0 3084 2827 2570 2313 2056 5140 4883 4626 4369 4112 7196 6939 6682 6425 6168 9252 8995 8738 8481 8224
1285 1028 771 514 257 3341 3084 2827 2570 2313 5397 5140 4883 4626 4369 7453 7196 6939 6682 6425 9509 9252 8995 8738 8481
1542 1285 1028 771 514 3598 3341 3084 2827 2570 5654 5397 5140 4883 4626 7710 7453 7196 6939 6682 9766 9509 9252 8995 8738
1799 1542 1285 1028 771 3855 3598 3341 3084 2827 5911 5654 5397 5140 4883 7967 7710 7453 7196 6939 10023 9766 9509 9252 8995
2056 1799 1542 1285 1028 4112 3855 3598 3341 3084 6168 5911 5654 5397 5140 8224 7967 7710 7453 7196 10280 10023 9766 9509 9252
2313 2056 1799 1542 1285 4369 4112 3855 3598 3341 6425 6168 5911 5654 5397 8481 8224 7967 7710 7453 10537 10280 10023 9766 9509
2570 2313 2056 1799 1542 4626 4369 4112 3855 3598 6682 6425 6168 5911 5654 8738 8481 8224 7967 7710 10794 10537 10280 10023 9766
2827 2570 2313 2056 1799 4883 4626 4369 4112 3855 6939 6682 6425 6168 5911 8995 8738 8481 8224 7967 11051 10794 10537 10280 10023
3084 2827 2570 2313 2056 5140 4883 4626 4369 4112 7196 6939 6682 6425 6168 9252 8995 8738 8481 8224 11308 11051 10794 10537 10280
3341 3084 2827 2570 2313 5397 5140 4883 4626 4369 7453 7196 6939 6682 6425 9509 9252 8995 8738 8481 11565 11308 11051 10794 10537
3598 3341 3084 2827 2570 5654 5397 5140 4883 4626 7710 7453 7196 6939 6682 9766 9509 9252 8995 8738 11822 11565 11308 11051 10794
3855 3598 3341 3084 2827 5911 5654 5397 5140 4883 7967 7710 7453 7196 6939 10023 9766 9509 9252 8995 12079 11822 11565 11308 11051
4112 3855 3598 3341 3084 6168 5911 5654 5397 5140 8224 7967 7710 7453 7196 10280 10023 9766 9509 9252 12336 12079 11822 11565 11308
4369 4112 3855 3598 3341 6425 6168 5911 5654 5397 8481 8224 7967 7710 7453 10537 10280 10023 9766 9509 12593 12336 12079 11822 11565
4626 4369 4112 3855 3598 6682 6425 6168 5911 5654 8738 8481 8224 7967 7710 10794 10537 10280 10023 9766 12850 12593 12336 12079 11822
4883 4626 4369 4112 3855 6939 6682 6425 6168 5911 8995 8738 8481 8224 7967 11051 10794 10537 10280 10023 13107 12850 12593 12336 12079
5140 4883 4626 4369 4112 7196 6939 6682 6425 6168 9252 8995 8738 8481 8224 11308 11051 10794 10537 10280 13364 13107 12850 12593 12336
5397 5140 4883 4626 4369 7453 7196 6939 6682 6425 9509 9252 8995 8738 8481 11565 11308 11051 10794 10537 13621 13364 13107 12850 12593
5654 5397 5140 4883 4626 7710 7453 7196 6939 6682 9766 9509 9252 8995 8738 11822 11565 11308 11051 10794 13878 13621 13364 13107 12850
5911 5654 5397 5140 4883 7967 7710 7453 7196 6939 10023 9766 9509 9252 8995 12079 11822 11565 11308 11051 14135 13878 13621 13364 13107
6168 5911 5654 5397 5140 8224 7967 7710 7453 7196 10280 10023 9766 9509 9252 12336 12079 11822 11565 11308 14392 14135 13878 13621 13364
6425 6168 5911 5654 5397 8481 8224 7967 7710 7453 10537 10280 10023 9766 9509 12593 12336 12079 11822 11565 14649 14392 14135 13878 13621
6682 6425 6168 5911 5654 8738 8481 8224 7967 7710 10794 10537 10280 10023 9766 12850 12593 12336 12079 11822 14906 14649 14392 14135 13878
6939 6682 6425 6168 5911 8995 8738 8481 8224 7967 11051 10794 10537 10280 10023 13107 12850 12593 12336 12079 15163 14906 14649 14392 14135
7196 6939 6682 6425 6168 9252 8995 8738 8481 8224 11308 11051 10794 10537 10280 13364 13107 12850 12593 12336 15420 15163 14906 14649 14392
7453 7196 6939 6682 6425 9509 9252 8995 8738 8481 11565 11308 11051 10794 10537 13621 13364 13107 12850 12593 15677 15420 15163 14906 14649
7710 7453 7196 6939 6682 9766 9509 9252 8995 8738 11822 11565 11308 11051 10794 13878 13621 13364 13107 12850 15934 15677 15420 15163 14906
7967 7710 7453 7196 6939 10023 9766 9509 9252 8995 12079 11822 11565 11308 11051 14135 13878 13621 13364 13107 16191 15934 15677 15420 15163
8224 7967 7710 7453 7196 10280 10023 9766 9509 9252 12336 12079 11822 11565 11308 14392 14135 13878 13621 13364 0 16191 15934 15677 15420
8481 8224 7967 7710 7453 10537 10280 10023 9766 9509 12593 12336 12079 11822 11565 14649 14392 14135 13878 13621 0 0 16191 15934 15677
8738 8481 8224 7967 7710 10794 10537 10280 10023 9766 12850 12593 12336 12079 11822 14906 14649 14392 14135 13878 0 0 0 16191 15934
8995 8738 8481 8224 7967 11051 10794 10537 10280 10023 13107 12850 12593 12336 12079 15163 14906 14649 14392 14135 0 0 0 0 16191
9252 8995 8738 8481 8224 11308 11051 10794 10537 10280 13364 13107 12850 12593 12336 15420 15163 14906 14649 14392 0 0 0 0 0
9509 9252 8995 8738 8481 11565 11308 11051 10794 10537 13621 13364 13107 12850 12593 15677 15420 15163 14906 14649 0 0 0 0 0
9766 9509 9252 8995 8738 11822 11565 11308 11051 10794 13878 13621 13364 13107 12850 15934 15677 15420 15163 14906 0 0 0 0 0
10023 9766 9509 9252 8995 12079 11822 11565 11308 11051 14135 13878 13621 13364 13107 16191 15934 15677 15420 15163 0 0 0 0 0
10280 10023 9766 9509 9252 12336 12079 11822 11565 11308 14392 14135 13878 13621 13364 0 16191 15934 15677 15420 0 0 0 0 0
10537 10280 10023 9766 9509 12593 12336 12079 11822 11565 14649 14392 14135 13878 13621 0 0 16191 15934 15677 0 0 0 0 0
10794 10537 10280 10023 9766 12850 12593 12336 12079 11822 14906 14649 14392 14135 13878 0 0 0 16191 15934 0 0 0 0 0
11051 10794 10537 10280 10023 13107 12850 12593 12336 12079 15163 14906 14649 14392 14135 0 0 0 0 16191 0 0 0 0 0
11308 11051 10794 10537 10280 13364 13107 12850 12593 12336 15420 15163 14906 14649 14392 0 0 0 0 0 0 0 0 0 0
11565 11308 11051 10794 10537 13621 13364 13107 12850 12593 15677 15420 15163 14906 14649 0 0 0 0 0 0 0 0 0 0
11822 11565 11308 11051 10794 13878 13621 13364 13107 12850 15934 15677 15420 15163 14906 0 0 0 0 0 0 0 0 0 0
12079 11822 11565 11308 11051 14135 13878 13621 13364 13107 16191 15934 15677 15420 15163 0 0 0 0 0 0 0 0 0 0
12336 12079 11822 11565 11308 14392 14135 13878 13621 13364 0 16191 15934 15677 15420 0 0 0 0 0 0 0 0 0 0
12593 12336 12079 11822 11565 14649 14392 14135 13878 13621 0 0 16191 15934 15677 0 0 0 0 0 0 0 0 0 0
12850 12593 12336 12079 11822 14906 14649 14392 14135 13878 0 0 0 16191 15934 0 0 0 0 0 0 0 0 0 0
13107 12850 12593 12336 12079 15163 14906 14649 14392 14135 0 0 0 0 16191 0 0 0 0 0 0 0 0 0 0
13364 13107 12850 12593 12336 15420 15163 14906 14649 14392 0 0 0 0 0 0 0 0 0 0 0 0 0 0 0
13621 13364 13107 12850 12593 15677 15420 15163 14906 14649 0 0 0 0 0 0 0 0 0 0 0 0 0 0 0
13878 13621 13364 13107 12850 15934 15677 15420 15163 14906 0 0 0 0 0 0 0 0 0 0 0 0 0 0 0
14135 13878 13621 13364 13107 16191 15934 15677 15420 15163 0 0 0 0 0 0 0 0 0 0 0 0 0 0 0
14392 14135 13878 13621 13364 0 16191 15934 15677 15420 0 0 0 0 0 0 0 0 0 0 0 0 0 0 0
14649 14392 14135 13878 13621 0 0 16191 15934 15677 0 0 0 0 0 0 0 0 0 0 0 0 0 0 0
14906 14649 14392 14135 13878 0 0 0 16191 15934 0 0 0 0 0 0 0 0 0 0 0 0 0 0 0
15163 14906 14649 14392 14135 0 0 0 0 16191 0 0 0 0 0 0 0 0 0 0 0 0 0 0 0
15420 15163 14906 14649 14392 0 0 0 0 0 0 0 0 0 0 0 0 0 0 0 0 0 0 0 0
15677 15420 15163 14906 14649 0 0 0 0 0 0 0 0 0 0 0 0 0 0 0 0 0 0 0 0
15934 15677 15420 15163 14906 0 0 0 0 0 0 0 0 0 0 0 0 0 0 0 0 0 0 0 0
16191 15934 15677 15420 15163 0 0 0 0 0 0 0 0 0 0 0 0 0 0 0 0 0 0 0 0
0 16191 15934 15677 15420 0 0 0 0 0 0 0 0 0 0 0 0 0 0 0 32896 0 0 0 0
0 0 16191 15934 15677 0 0 0 0 0 0 0 0 0 0 0 0 0 0 0 32896 32896 0 0 0
0 0 0 16191 15934 0 0 0 0 0 0 0 0 0 0 0 0 0 0 0 32896 32896 32896 0 0
0 0 0 0 16191 0 0 0 0 0 0 0 0 0 0 0 0 0 0 0 32896 32896 32896 32896 0
0 0 0 0 0 0 0 0 0 0 0 0 0 0 0 0 0 0 0 0 32896 32896 32896 32896 32896
0 0 0 0 0 0 0 0 0 0 0 0 0 0 0 0 0 0 0 0 32896 32896 32896 32896 32896
0 0 0 0 0 0 0 0 0 0 0 0 0 0 0 0 0 0 0 0 32896 32896 32896 32896 32896
0 0 0 0 0 0 0 0 0 0 0 0 0 0 0 0 0 0 0 0 32896 32896 32896 32896 32896
0 0 0 0 0 0 0 0 0 0 0 0 0 0 0 32896 0 0 0 0 32896 32896 32896 32896 32896
0 0 0 0 0 0 0 0 0 0 0 0 0 0 0 32896 32896 0 0 0 32896 32896 32896 32896 32896
0 0 0 0 0 0 0 0 0 0 0 0 0 0 0 32896 32896 32896 0 0 32896 32896 32896 32896 32896
0 0 0 0 0 0 0 0 0 0 0 0 0 0 0 32896 32896 32896 32896 0 32896 32896 32896 32896 32896
0 0 0 0 0 0 0 0 0 0 0 0 0 0 0 32896 32896 32896 32896 32896 32896 32896 32896 32896 32896
0 0 0 0 0 0 0 0 0 0 0 0 0 0 0 32896 32896 32896 32896 32896 32896 32896 32896 32896 32896
0 0 0 0 0 0 0 0 0 0 0 0 0 0 0 32896 32896 32896 32896 32896 32896 32896 32896 32896 32896
0 0 0 0 0 0 0 0 0 0 0 0 0 0 0 32896 32896 32896 32896 32896 32896 32896 32896 32896 32896
0 0 0 0 0 0 0 0 0 0 32896 0 0 0 0 32896 32896 32896 32896 32896 32896 32896 32896 32896 32896
0 0 0 0 0 0 0 0 0 0 32896 32896 0 0 0 32896 32896 32896 32896 32896 32896 32896 32896 32896 32896
0 0 0 0 0 0 0 0 0 0 32896 32896 32896 0 0 32896 32896 32896 32896 32896 32896 32896 32896 32896 32896
0 0 0 0 0 0 0 0 0 0 32896 32896 32896 32896 0 32896 32896 32896 32896 32896 32896 32896 32896 32896 32896
0 0 0 0 0 0 0 0 0 0 32896 32896 32896 32896 32896 32896 32896 32896 32896 32896 32896 32896 32896 32896 32896
0 0 0 0 0 0 0 0 0 0 32896 32896 32896 32896 32896 32896 32896 32896 32896 32896 32896 32896 32896 32896 32896
0 0 0 0 0 0 0 0 0 0 32896 32896 32896 32896 32896 32896 32896 32896 32896 32896 32896 32896 32896 32896 32896
0 0 0 0 0 0 0 0 0 0 32896 32896 32896 32896 32896 32896 32896 32896 32896 32896 32896 32896 32896 32896 32896
0 0 0 0 0 32896 0 0 0 0 32896 32896 32896 32896 32896 32896 32896 32896 32896 32896 32896 32896 32896 32896 32896
0 0 0 0 0 32896 32896 0 0 0 32896 32896 32896 32896 32896 32896 32896 32896 32896 32896 32896 32896 32896 32896 32896
0 0 0 0 0 32896 32896 32896 0 0 32896 32896 32896 32896 32896 32896 32896 32896 32896 32896 32896 32896 32896 32896 32896
0 0 0 0 0 32896 32896 32896 32896 0 32896 32896 32896 32896 32896 32896 32896 32896 32896 32896 32896 32896 32896 32896 32896
0 0 0 0 0 32896 32896 32896 32896 32896 32896 32896 32896 32896 32896 32896 32896 32896 32896 32896 32896 32896 32896 32896 32896
0 0 0 0 0 32896 32896 32896 32896 32896 32896 32896 32896 32896 32896 32896 32896 32896 32896 32896 32896 32896 32896 32896 32896
0 0 0 0 0 32896 32896 32896 32896 32896 32896 32896 32896 32896 32896 32896 32896 32896 32896 32896 32896 32896 32896 32896 32896
0 0 0 0 0 32896 32896 32896 32896 32896 32896 32896 32896 32896 32896 32896 32896 32896 32896 32896 32896 32896 32896 32896 32896
32896 0 0 0 0 32896 32896 32896 32896 32896 32896 32896 32896 32896 32896 32896 32896 32896 32896 32896 32896 32896 32896 32896 32896
32896 32896 0 0 0 32896 32896 32896 32896 32896 32896 32896 32896 32896 32896 32896 32896 32896 32896 32896 32896 32896 32896 32896 32896
32896 32896 32896 0 0 32896 32896 32896 32896 32896 32896 32896 32896 32896 32896 32896 32896 32896 32896 32896 32896 32896 32896 32896 32896
32896 32896 32896 32896 0 32896 32896 32896 32896 32896 32896 32896 32896 32896 32896 32896 32896 32896 32896 32896 32896 32896 32896 32896 32896
32896 32896 32896 32896 32896 32896 32896 32896 32896 32896 32896 32896 32896 32896 32896 32896 32896 32896 32896 32896 32896 32896 32896 32896 32896
32896 32896 32896 32896 32896 32896 32896 32896 32896 32896 32896 32896 32896 32896 32896 32896 32896 32896 32896 32896 32896 32896 32896 32896 32896
32896 32896 32896 32896 32896 32896 32896 32896 32896 32896 32896 32896 32896 32896 32896 32896 32896 32896 32896 32896 32896 32896 32896 32896 32896
32896 32896 32896 32896 32896 32896 32896 32896 32896 32896 32896 32896 32896 32896 32896 32896 32896 32896 32896 32896 32896 32896 32896 32896 32896
32896 32896 32896 32896 32896 32896 32896 32896 32896 32896 32896 32896 32896 32896 32896 32896 32896 32896 32896 32896 32896 32896 32896 32896 32896
32896 32896 32896 32896 32896 32896 32896 32896 32896 32896 32896 32896 32896 32896 32896 32896 32896 32896 32896 32896 32896 32896 32896 32896 32896
32896 32896 32896 32896 32896 32896 32896 32896 32896 32896 32896 32896 32896 32896 32896 32896 32896 32896 32896 32896 32896 32896 32896 32896 32896
32896 32896 32896 32896 32896 32896 32896 32896 32896 32896 32896 32896 32896 32896 32896 32896 32896 32896 32896 32896 32896 32896 32896 32896 32896
32896 32896 32896 32896 32896 32896 32896 32896 32896 32896 32896 32896 32896 32896 32896 32896 32896 32896 32896 32896 32896 32896 32896 32896 32896
32896 32896 32896 32896 32896 32896 32896 32896 32896 32896 32896 32896 32896 32896 32896 32896 32896 32896 32896 32896 32896 32896 32896 32896 32896
32896 32896 32896 32896 32896 32896 32896 32896 32896 32896 32896 32896 32896 32896 32896 32896 32896 32896 32896 32896 32896 32896 32896 32896 32896
32896 32896 32896 32896 32896 32896 32896 32896 32896 32896 32896 32896 32896 32896 32896 32896 32896 32896 32896 32896 32896 32896 32896 32896 32896
32896 32896 32896 32896 32896 32896 32896 32896 32896 32896 32896 32896 32896 32896 32896 32896 32896 32896 32896 32896 32896 32896 32896 32896 32896
32896 32896 32896 32896 32896 32896 32896 32896 32896 32896 32896 32896 32896 32896 32896 32896 32896 32896 32896 32896 32896 32896 32896 32896 32896
32896 32896 32896 32896 32896 32896 32896 32896 32896 32896 32896 32896 32896 32896 32896 32896 32896 32896 32896 32896 32896 32896 32896 32896 32896
32896 32896 32896 32896 32896 32896 32896 32896 32896 32896 32896 32896 32896 32896 32896 32896 32896 32896 32896 32896 32896 32896 32896 32896 32896
32896 32896 32896 32896 32896 32896 32896 32896 32896 32896 32896 32896 32896 32896 32896 32896 32896 32896 32896 32896 32896 32896 32896 32896 32896
32896 32896 32896 32896 32896 32896 32896 32896 32896 32896 32896 32896 32896 32896 32896 32896 32896 32896 32896 32896 32896 32896 32896 32896 32896
32896 32896 32896 32896 32896 32896 32896 32896 32896 32896 32896 32896 32896 32896 32896 32896 32896 32896 32896 32896 32896 32896 32896 32896 32896
32896 32896 32896 32896 32896 32896 32896 32896 32896 32896 32896 32896 32896 32896 32896 32896 32896 32896 32896 32896 32896 32896 32896 32896 32896
32896 32896 32896 32896 32896 32896 32896 32896 32896 32896 32896 32896 32896 32896 32896 32896 32896 32896 32896 32896 32896 32896 32896 32896 32896
32896 32896 32896 32896 32896 32896 32896 32896 32896 32896 32896 32896 32896 32896 32896 32896 32896 32896 32896 32896 32896 32896 32896 32896 32896
32896 32896 32896 32896 32896 32896 32896 32896 32896 32896 32896 32896 32896 32896 32896 32896 32896 32896 32896 32896 32896 32896 32896 32896 32896
32896 32896 32896 32896 32896 32896 32896 32896 32896 32896 32896 32896 32896 32896 32896 32896 32896 32896 32896 32896 32896 32896 32896 32896 32896
32896 32896 32896 32896 32896 32896 32896 32896 32896 32896 32896 32896 32896 32896 32896 32896 32896 32896 32896 32896 32896 32896 32896 32896 32896
32896 32896 32896 32896 32896 32896 32896 32896 32896 32896 32896 32896 32896 32896 32896 32896 32896 32896 32896 32896 32896 32896 32896 32896 32896
32896 32896 32896 32896 32896 32896 32896 32896 32896 32896 32896 32896 32896 32896 32896 32896 32896 32896 32896 32896 32896 32896 32896 32896 32896
32896 32896 32896 32896 32896 32896 32896 32896 32896 32896 32896 32896 32896 32896 32896 32896 32896 32896 32896 32896 32896 32896 32896 32896 32896
32896 32896 32896 32896 32896 32896 32896 32896 32896 32896 32896 32896 32896 32896 32896 32896 32896 32896 32896 32896 0 32896 32896 32896 32896
32896 32896 32896 32896 32896 32896 32896 32896 32896 32896 32896 32896 32896 32896 32896 32896 32896 32896 32896 32896 0 0 32896 32896 32896
32896 32896 32896 32896 32896 32896 32896 32896 32896 32896 32896 32896 32896 32896 32896 32896 32896 32896 32896 32896 0 0 0 32896 32896
32896 32896 32896 32896 32896 32896 32896 32896 32896 32896 32896 32896 32896 32896 32896 32896 32896 32896 32896 32896 0 0 0 0 32896
32896 32896 32896 32896 32896 32896 32896 32896 32896 32896 32896 32896 32896 32896 32896 32896 32896 32896 32896 32896 0 0 0 0 0
32896 32896 32896 32896 32896 32896 32896 32896 32896 32896 32896 32896 32896 32896 32896 32896 32896 32896 32896 32896 0 0 0 0 0
32896 32896 32896 32896 32896 32896 32896 32896 32896 32896 32896 32896 32896 32896 32896 32896 32896 32896 32896 32896 0 0 0 0 0
32896 32896 32896 32896 32896 32896 32896 32896 32896 32896 32896 32896 32896 32896 32896 32896 32896 32896 32896 32896 0 0 0 0 0
32896 32896 32896 32896 32896 32896 32896 32896 32896 32896 32896 32896 32896 32896 32896 0 32896 32896 32896 32896 0 0 0 0 0
32896 32896 32896 32896 32896 32896 32896 32896 32896 32896 32896 32896 32896 32896 32896 0 0 32896 32896 32896 0 0 0 0 0
32896 32896 32896 32896 32896 32896 32896 32896 32896 32896 32896 32896 32896 32896 32896 0 0 0 32896 32896 0 0 0 0 0
32896 32896 32896 32896 32896 32896 32896 32896 32896 32896 32896 32896 32896 32896 32896 0 0 0 0 32896 0 0 0 0 0
32896 32896 32896 32896 32896 32896 32896 32896 32896 32896 32896 32896 32896 32896 32896 0 0 0 0 0 0 0 0 0 0
32896 32896 32896 32896 32896 32896 32896 32896 32896 32896 32896 32896 32896 32896 32896 0 0 0 0 0 0 0 0 0 0
32896 32896 32896 32896 32896 32896 32896 32896 32896 32896 32896 32896 32896 32896 32896 0 0 0 0 0 0 0 0 0 0
32896 32896 32896 32896 32896 32896 32896 32896 32896 32896 32896 32896 32896 32896 32896 0 0 0 0 0 0 0 0 0 0
32896 32896 32896 32896 32896 32896 32896 32896 32896 32896 0 32896 32896 32896 32896 0 0 0 0 0 0 0 0 0 0
32896 32896 32896 32896 32896 32896 32896 32896 32896 32896 0 0 32896 32896 32896 0 0 0 0 0 0 0 0 0 0
32896 32896 32896 32896 32896 32896 32896 32896 32896 32896 0 0 0 32896 32896 0 0 0 0 0 0 0 0 0 0
32896 32896 32896 32896 32896 32896 32896 32896 32896 32896 0 0 0 0 32896 0 0 0 0 0 0 0 0 0 0
32896 32896 32896 32896 32896 32896 32896 32896 32896 32896 0 0 0 0 0 0 0 0 0 0 0 0 0 0 0
32896 32896 32896 32896 32896 32896 32896 32896 32896 32896 0 0 0 0 0 0 0 0 0 0 0 0 0 0 0
32896 32896 32896 32896 32896 32896 32896 32896 32896 32896 0 0 0 0 0 0 0 0 0 0 0 0 0 0 0
32896 32896 32896 32896 32896 32896 32896 32896 32896 32896 0 0 0 0 0 0 0 0 0 0 0 0 0 0 0
32896 32896 32896 32896 32896 0 32896 32896 32896 32896 0 0 0 0 0 0 0 0 0 0 0 0 0 0 0
32896 32896 32896 32896 32896 0 0 32896 32896 32896 0 0 0 0 0 0 0 0 0 0 0 0 0 0 0
32896 32896 32896 32896 32896 0 0 0 32896 32896 0 0 0 0 0 0 0 0 0 0 0 0 0 0 0
32896 32896 32896 32896 32896 0 0 0 0 32896 0 0 0 0 0 0 0 0 0 0 0 0 0 0 0
32896 32896 32896 32896 32896 0 0 0 0 0 0 0 0 0 0 0 0 0 0 0 0 0 0 0 0
32896 32896 32896 32896 32896 0 0 0 0 0 0 0 0 0 0 0 0 0 0 0 0 0 0 0 0
32896 32896 32896 32896 32896 0 0 0 0 0 0 0 0 0 0 0 0 0 0 0 0 0 0 0 0
32896 32896 32896 32896 32896 0 0 0 0 0 0 0 0 0 0 0 0 0 0 0 0 0 0 0 0
0 32896 32896 32896 32896 0 0 0 0 0 0 0 0 0 0 0 0 0 0 0 43690 0 0 0 0
0 0 32896 32896 32896 0 0 0 0 0 0 0 0 0 0 0 0 0 0 0 21845 43690 0 0 0
0 0 0 32896 32896 0 0 0 0 0 0 0 0 0 0 0 0 0 0 0 43690 21845 43690 0 0
0 0 0 0 32896 0 0 0 0 0 0 0 0 0 0 0 0 0 0 0 21845 43690 21845 43690 0
0 0 0 0 0 0 0 0 0 0 0 0 0 0 0 0 0 0 0 0 43690 21845 43690 21845 43690
0 0 0 0 0 0 0 0 0 0 0 0 0 0 0 0 0 0 0 0 21845 43690 21845 43690 21845
0 0 0 0 0 0 0 0 0 0 0 0 0 0 0 0 0 0 0 0 43690 21845 43690 21845 43690
0 0 0 0 0 0 0 0 0 0 0 0 0 0 0 0 0 0 0 0 21845 43690 21845 43690 21845
0 0 0 0 0 0 0 0 0 0 0 0 0 0 0 43690 0 0 0 0 21845 21845 43690 21845 43690
0 0 0 0 0 0 0 0 0 0 0 0 0 0 0 21845 43690 0 0 0 43690 21845 21845 43690 21845
0 0 0 0 0 0 0 0 0 0 0 0 0 0 0 43690 21845 43690 0 0 21845 43690 21845 21845 43690
0 0 0 0 0 0 0 0 0 0 0 0 0 0 0 21845 43690 21845 43690 0 43690 21845 43690 21845 21845
0 0 0 0 0 0 0 0 0 0 0 0 0 0 0 43690 21845 43690 21845 43690 21845 43690 21845 43690 21845
0 0 0 0 0 0 0 0 0 0 0 0 0 0 0 21845 43690 21845 43690 21845 43690 21845 43690 21845 43690
0 0 0 0 0 0 0 0 0 0 0 0 0 0 0 43690 21845 43690 21845 43690 21845 43690 21845 43690 21845
0 0 0 0 0 0 0 0 0 0 0 0 0 0 0 21845 43690 21845 43690 21845 43690 21845 43690 21845 43690
0 0 0 0 0 0 0 0 0 0 43690 0 0 0 0 21845 21845 43690 21845 43690 43690 43690 21845 43690 21845
0 0 0 0 0 0 0 0 0 0 21845 43690 0 0 0 43690 21845 21845 43690 21845 21845 43690 43690 21845 43690
0 0 0 0 0 0 0 0 0 0 43690 21845 43690 0 0 21845 43690 21845 21845 43690 43690 21845 43690 43690 21845
0 0 0 0 0 0 0 0 0 0 21845 43690 21845 43690 0 43690 21845 43690 21845 21845 21845 43690 21845 43690 43690
0 0 0 0 0 0 0 0 0 0 43690 21845 43690 21845 43690 21845 43690 21845 43690 21845 43690 21845 43690 21845 43690
0 0 0 0 0 0 0 0 0 0 21845 43690 21845 43690 21845 43690 21845 43690 21845 43690 21845 43690 21845 43690 21845
0 0 0 0 0 0 0 0 0 0 43690 21845 43690 21845 43690 21845 43690 21845 43690 21845 43690 21845 43690 21845 43690
0 0 0 0 0 0 0 0 0 0 21845 43690 21845 43690 21845 43690 21845 43690 21845 43690 21845 43690 21845 43690 21845
0 0 0 0 0 43690 0 0 0 0 21845 21845 43690 21845 43690 43690 43690 21845 43690 21845 21845 21845 43690 21845 43690
0 0 0 0 0 21845 43690 0 0 0 43690 21845 21845 43690 21845 21845 43690 43690 21845 43690 43690 21845 21845 43690 21845
0 0 0 0 0 43690 21845 43690 0 0 21845 43690 21845 21845 43690 43690 21845 43690 43690 21845 21845 43690 21845 21845 43690
0 0 0 0 0 21845 43690 21845 43690 0 43690 21845 43690 21845 21845 21845 43690 21845 43690 43690 43690 21845 43690 21845 21845
0 0 0 0 0 43690 21845 43690 21845 43690 21845 43690 21845 43690 21845 43690 21845 43690 21845 43690 21845 43690 21845 43690 21845
0 0 0 0 0 21845 43690 21845 43690 21845 43690 21845 43690 21845 43690 21845 43690 21845 43690 21845 43690 21845 43690 21845 43690
0 0 0 0 0 43690 21845 43690 21845 43690 21845 43690 21845 43690 21845 43690 21845 43690 21845 43690 21845 43690 21845 43690 21845
0 0 0 0 0 21845 43690 21845 43690 21845 43690 21845 43690 21845 43690 21845 43690 21845 43690 21845 43690 21845 43690 21845 43690
43690 0 0 0 0 21845 21845 43690 21845 43690 43690 43690 21845 43690 21845 21845 21845 43690 21845 43690 43690 43690 21845 43690 21845
21845 43690 0 0 0 43690 21845 21845 43690 21845 21845 43690 43690 21845 43690 43690 21845 21845 43690 21845 21845 43690 43690 21845 43690
43690 21845 43690 0 0 21845 43690 21845 21845 43690 43690 21845 43690 43690 21845 21845 43690 21845 21845 43690 43690 21845 43690 43690 21845
21845 43690 21845 43690 0 43690 21845 43690 21845 21845 21845 43690 21845 43690 43690 43690 21845 43690 21845 21845 21845 43690 21845 43690 43690
43690 21845 43690 21845 43690 21845 43690 21845 43690 21845 43690 21845 43690 21845 43690 21845 43690 21845 43690 21845 43690 21845 43690 21845 43690
21845 43690 21845 43690 21845 43690 21845 43690 21845 43690 21845 43690 21845 43690 21845 43690 21845 43690 21845 43690 21845 43690 21845 43690 21845
43690 21845 43690 21845 43690 21845 43690 21845 43690 21845 43690 21845 43690 21845 43690 21845 43690 21845 43690 21845 43690 21845 43690 21845 43690
21845 43690 21845 43690 21845 43690 21845 43690 21845 43690 21845 43690 21845 43690 21845 43690 21845 43690 21845 43690 21845 43690 21845 43690 21845
21845 21845 43690 21845 43690 43690 43690 21845 43690 21845 21845 21845 43690 21845 43690 43690 43690 21845 43690 21845 21845 21845 43690 21845 43690
43690 21845 21845 43690 21845 21845 43690 43690 21845 43690 43690 21845 21845 43690 21845 21845 43690 43690 21845 43690 43690 21845 21845 43690 21845
21845 43690 21845 21845 43690 43690 21845 43690 43690 21845 21845 43690 21845 21845 43690 43690 21845 43690 43690 21845 21845 43690 21845 21845 43690
43690 21845 43690 21845 21845 21845 43690 21845 43690 43690 43690 21845 43690 21845 21845 21845 43690 21845 43690 43690 43690 21845 43690 21845 21845
21845 43690 21845 43690 21845 43690 21845 43690 21845 43690 21845 43690 21845 43690 21845 43690 21845 43690 21845 43690 21845 43690 21845 43690 21845
43690 21845 43690 21845 43690 21845 43690 21845 43690 21845 43690 21845 43690 21845 43690 21845 43690 21845 43690 21845 43690 21845 43690 21845 43690
21845 43690 21845 43690 21845 43690 21845 43690 21845 43690 21845 43690 21845 43690 21845 43690 21845 43690 21845 43690 21845 43690 21845 43690 21845
43690 21845 43690 21845 43690 21845 43690 21845 43690 21845 43690 21845 43690 21845 43690 21845 43690 21845 43690 21845 43690 21845 43690 21845 43690
43690 43690 21845 43690 21845 21845 21845 43690 21845 43690 43690 43690 21845 43690 21845 21845 21845 43690 21845 43690 43690 43690 21845 43690 21845
21845 43690 43690 21845 43690 43690 21845 21845 43690 21845 21845 43690 43690 21845 43690 43690 21845 21845 43690 21845 21845 43690 43690 21845 43690
43690 21845 43690 43690 21845 21845 43690 21845 21845 43690 43690 21845 43690 43690 21845 21845 43690 21845 21845 43690 43690 21845 43690 43690 21845
21845 43690 21845 43690 43690 43690 21845 43690 21845 21845 21845 43690 21845 43690 43690 43690 21845 43690 21845 21845 21845 43690 21845 43690 43690
43690 21845 43690 21845 43690 21845 43690 21845 43690 21845 43690 21845 43690 21845 43690 21845 43690 21845 43690 21845 43690 21845 43690 21845 43690
21845 43690 21845 43690 21845 43690 21845 43690 21845 43690 21845 43690 21845 43690 21845 43690 21845 43690 21845 43690 21845 43690 21845 43690 21845
43690 21845 43690 21845 43690 21845 43690 21845 43690 21845 43690 21845 43690 21845 43690 21845 43690 21845 43690 21845 43690 21845 43690 21845 43690
21845 43690 21845 43690 21845 43690 21845 43690 21845 43690 21845 43690 21845 43690 21845 43690 21845 43690 21845 43690 21845 43690 21845 43690 21845
21845 21845 43690 21845 43690 43690 43690 21845 43690 21845 21845 21845 43690 21845 43690 43690 43690 21845 43690 21845 21845 21845 43690 21845 43690
43690 21845 21845 43690 21845 21845 43690 43690 21845 43690 43690 21845 21845 43690 21845 21845 43690 43690 21845 43690 43690 21845 21845 43690 21845
21845 43690 21845 21845 43690 43690 21845 43690 43690 21845 21845 43690 21845 21845 43690 43690 21845 43690 43690 21845 21845 43690 21845 21845 43690
43690 21845 43690 21845 21845 21845 43690 21845 43690 43690 43690 21845 43690 21845 21845 21845 43690 21845 43690 43690 43690 21845 43690 21845 21845
21845 43690 21845 43690 21845 43690 21845 43690 21845 43690 21845 43690 21845 43690 21845 43690 21845 43690 21845 43690 21845 43690 21845 43690 21845
43690 21845 43690 21845 43690 21845 43690 21845 43690 21845 43690 21845 43690 21845 43690 21845 43690 21845 43690 21845 43690 21845 43690 21845 43690
21845 43690 21845 43690 21845 43690 21845 43690 21845 43690 21845 43690 21845 43690 21845 43690 21845 43690 21845 43690 21845 43690 21845 43690 21845
43690 21845 43690 21845 43690 21845 43690 21845 43690 21845 43690 21845 43690 21845 43690 21845 43690 21845 43690 21845 43690 21845 43690 21845 43690
43690 43690 21845 43690 21845 21845 21845 43690 21845 43690 43690 43690 21845 43690 21845 21845 21845 43690 21845 43690 0 43690 21845 43690 21845
21845 43690 43690 21845 43690 43690 21845 21845 43690 21845 21845 43690 43690 21845 43690 43690 21845 21845 43690 21845 0 0 43690 21845 43690
43690 21845 43690 43690 21845 21845 43690 21845 21845 43690 43690 21845 43690 43690 21845 21845 43690 21845 21845 43690 0 0 0 43690 21845
21845 43690 21845 43690 43690 43690 21845 43690 21845 21845 21845 43690 21845 43690 43690 43690 21845 43690 21845 21845 0 0 0 0 43690
43690 21845 43690 21845 43690 21845 43690 21845 43690 21845 43690 21845 43690 21845 43690 21845 43690 21845 43690 21845 0 0 0 0 0
21845 43690 21845 43690 21845 43690 21845 43690 21845 43690 21845 43690 21845 43690 21845 43690 21845 43690 21845 43690 0 0 0 0 0
43690 21845 43690 21845 43690 21845 43690 21845 43690 21845 43690 21845 43690 21845 43690 21845 43690 21845 43690 21845 0 0 0 0 0
21845 43690 21845 43690 21845 43690 21845 43690 21845 43690 21845 43690 21845 43690 21845 43690 21845 43690 21845 43690 0 0 0 0 0
21845 21845 43690 21845 43690 43690 43690 21845 43690 21845 21845 21845 43690 21845 43690 0 43690 21845 43690 21845 0 0 0 0 0
43690 21845 21845 43690 21845 21845 43690 43690 21845 43690 43690 21845 21845 43690 21845 0 0 43690 21845 43690 0 0 0 0 0
21845 43690 21845 21845 43690 43690 21845 43690 43690 21845 21845 43690 21845 21845 43690 0 0 0 43690 21845 0 0 0 0 0
43690 21845 43690 21845 21845 21845 43690 21845 43690 43690 43690 21845 43690 21845 21845 0 0 0 0 43690 0 0 0 0 0
21845 43690 21845 43690 21845 43690 21845 43690 21845 43690 21845 43690 21845 43690 21845 0 0 0 0 0 0 0 0 0 0
43690 21845 43690 21845 43690 21845 43690 21845 43690 21845 43690 21845 43690 21845 43690 0 0 0 0 0 0 0 0 0 0
21845 43690 21845 43690 21845 43690 21845 43690 21845 43690 21845 43690 21845 43690 21845 0 0 0 0 0 0 0 0 0 0
43690 21845 43690 21845 43690 21845 43690 21845 43690 21845 43690 21845 43690 21845 43690 0 0 0 0 0 0 0 0 0 0
43690 43690 21845 43690 21845 21845 21845 43690 21845 43690 0 43690 21845 43690 21845 0 0 0 0 0 0 0 0 0 0
21845 43690 43690 21845 43690 43690 21845 21845 43690 21845 0 0 43690 21845 43690 0 0 0 0 0 0 0 0 0 0
43690 21845 43690 43690 21845 21845 43690 21845 21845 43690 0 0 0 43690 21845 0 0 0 0 0 0 0 0 0 0
21845 43690 21845 43690 43690 43690 21845 43690 21845 21845 0 0 0 0 43690 0 0 0 0 0 0 0 0 0 0
43690 21845 43690 21845 43690 21845 43690 21845 43690 21845 0 0 0 0 0 0 0 0 0 0 0 0 0 0 0
21845 43690 21845 43690 21845 43690 21845 43690 21845 43690 0 0 0 0 0 0 0 0 0 0 0 0 0 0 0
43690 21845 43690 21845 43690 21845 43690 21845 43690 21845 0 0 0 0 0 0 0 0 0 0 0 0 0 0 0
21845 43690 21845 43690 21845 43690 21845 43690 21845 43690 0 0 0 0 0 0 0 0 0 0 0 0 0 0 0
21845 21845 43690 21845 43690 0 43690 21845 43690 21845 0 0 0 0 0 0 0 0 0 0 0 0 0 0 0
43690 21845 21845 43690 21845 0 0 43690 21845 43690 0 0 0 0 0 0 0 0 0 0 0 0 0 0 0
21845 43690 21845 21845 43690 0 0 0 43690 21845 0 0 0 0 0 0 0 0 0 0 0 0 0 0 0
43690 21845 43690 21845 21845 0 0 0 0 43690 0 0 0 0 0 0 0 0 0 0 0 0 0 0 0
21845 43690 21845 43690 21845 0 0 0 0 0 0 0 0 0 0 0 0 0 0 0 0 0 0 0 0
43690 21845 43690 21845 43690 0 0 0 0 0 0 0 0 0 0 0 0 0 0 0 0 0 0 0 0
21845 43690 21845 43690 21845 0 0 0 0 0 0 0 0 0 0 0 0 0 0 0 0 0 0 0 0
43690 21845 43690 21845 43690 0 0 0 0 0 0 0 0 0 0 0 0 0 0 0 0 0 0 0 0
