0 1 2 3 4 5 6 16 17 18 19 20 21 22 32 33 34 35 36 37 38 48 49 50 51 52 53 54 128 128 128 128 128 128 128 128 128 128 128 128 128 128 128 128 128 128 128 128 128
1 2 3 4 5 6 7 17 18 19 20 21 22 23 33 34 35 36 37 38 39 49 50 51 52 53 54 55 128 128 128 128 128 128 128 128 128 128 128 128 128 128 128 128 128 128 128 128 128
2 3 4 5 6 7 8 18 19 20 21 22 23 24 34 35 36 37 38 39 40 50 51 52 53 54 55 56 128 128 128 128 128 128 128 128 128 128 128 128 128 128 128 128 128 128 128 128 128
3 4 5 6 7 8 9 19 20 21 22 23 24 25 35 36 37 38 39 40 41 51 52 53 54 55 56 57 128 128 128 128 128 128 128 128 128 128 128 128 128 128 128 128 128 128 128 128 128
4 5 6 7 8 9 10 20 21 22 23 24 25 26 36 37 38 39 40 41 42 52 53 54 55 56 57 58 128 128 128 128 128 128 128 128 128 128 128 128 128 128 128 128 128 128 128 128 128
5 6 7 8 9 10 11 21 22 23 24 25 26 27 37 38 39 40 41 42 43 53 54 55 56 57 58 59 128 128 128 128 128 128 128 128 128 128 128 128 128 128 128 128 128 128 128 128 128
6 7 8 9 10 11 12 22 23 24 25 26 27 28 38 39 40 41 42 43 44 54 55 56 57 58 59 60 128 128 128 128 128 128 128 128 128 128 128 128 128 128 128 128 128 128 128 128 128
7 8 9 10 11 12 13 23 24 25 26 27 28 29 39 40 41 42 43 44 45 55 56 57 58 59 60 61 128 128 128 128 128 128 128 128 128 128 128 128 128 128 128 128 128 128 128 128 128
8 9 10 11 12 13 14 24 25 26 27 28 29 30 40 41 42 43 44 45 46 56 57 58 59 60 61 62 128 128 128 128 128 128 128 128 128 128 128 128 128 128 128 128 128 128 128 128 128
9 10 11 12 13 14 15 25 26 27 28 29 30 31 41 42 43 44 45 46 47 57 58 59 60 61 62 63 128 128 128 128 128 128 128 128 128 128 128 128 128 128 128 128 128 128 128 128 128
10 11 12 13 14 15 16 26 27 28 29 30 31 32 42 43 44 45 46 47 48 58 59 60 61 62 63 128 128 128 128 128 128 128 128 128 128 128 128 128 128 128 128 128 128 128 128 128 128
11 12 13 14 15 16 17 27 28 29 30 31 32 33 43 44 45 46 47 48 49 59 60 61 62 63 128 128 128 128 128 128 128 128 128 128 128 128 128 128 128 128 128 128 128 128 128 128 128
12 13 14 15 16 17 18 28 29 30 31 32 33 34 44 45 46 47 48 49 50 60 61 62 63 128 128 128 128 128 128 128 128 128 128 128 128 128 128 128 128 128 128 128 128 128 128 128 128
13 14 15 16 17 18 19 29 30 31 32 33 34 35 45 46 47 48 49 50 51 61 62 63 128 128 128 128 128 128 128 128 128 128 128 128 128 128 128 128 128 128 128 128 128 128 128 128 128
14 15 16 17 18 19 20 30 31 32 33 34 35 36 46 47 48 49 50 51 52 62 63 128 128 128 128 128 128 128 128 128 128 128 128 128 128 128 128 128 128 128 128 128 128 128 128 128 128
15 16 17 18 19 20 21 31 32 33 34 35 36 37 47 48 49 50 51 52 53 63 128 128 128 128 128 128 128 128 128 128 128 128 128 128 128 128 128 128 128 128 128 128 128 128 128 128 128
16 17 18 19 20 21 22 32 33 34 35 36 37 38 48 49 50 51 52 53 54 128 128 128 128 128 128 128 128 128 128 128 128 128 128 128 128 128 128 128 128 128 128 128 128 128 128 128 128
17 18 19 20 21 22 23 33 34 35 36 37 38 39 49 50 51 52 53 54 55 128 128 128 128 128 128 128 128 128 128 128 128 128 128 128 128 128 128 128 128 128 128 128 128 128 128 128 128
18 19 20 21 22 23 24 34 35 36 37 38 39 40 50 51 52 53 54 55 56 128 128 128 128 128 128 128 128 128 128 128 128 128 128 128 128 128 128 128 128 128 128 128 128 128 128 128 128
19 20 21 22 23 24 25 35 36 37 38 39 40 41 51 52 53 54 55 56 57 128 128 128 128 128 128 128 128 128 128 128 128 128 128 128 128 128 128 128 128 128 128 128 128 128 128 128 128
20 21 22 23 24 25 26 36 37 38 39 40 41 42 52 53 54 55 56 57 58 128 128 128 128 128 128 128 128 128 128 128 128 128 128 128 128 128 128 128 128 128 128 128 128 128 128 128 128
21 22 23 24 25 26 27 37 38 39 40 41 42 43 53 54 55 56 57 58 59 128 128 128 128 128 128 128 128 128 128 128 128 128 128 128 128 128 128 128 128 128 128 128 128 128 128 128 128
22 23 24 25 26 27 28 38 39 40 41 42 43 44 54 55 56 57 58 59 60 128 128 128 128 128 128 128 128 128 128 128 128 128 128 128 128 128 128 128 128 128 128 128 128 128 128 128 128
23 24 25 26 27 28 29 39 40 41 42 43 44 45 55 56 57 58 59 60 61 128 128 128 128 128 128 128 128 128 128 128 128 128 128 128 128 128 128 128 128 128 128 128 128 128 128 128 128
24 25 26 27 28 29 30 40 41 42 43 44 45 46 56 57 58 59 60 61 62 128 128 128 128 128 128 128 128 128 128 128 128 128 128 128 128 128 128 128 128 128 128 128 128 128 128 128 128
25 26 27 28 29 30 31 41 42 43 44 45 46 47 57 58 59 60 61 62 63 128 128 128 128 128 128 128 128 128 128 128 128 128 128 128 128 128 128 128 128 128 128 128 128 128 128 128 128
26 27 28 29 30 31 32 42 43 44 45 46 47 48 58 59 60 61 62 63 128 128 128 128 128 128 128 128 128 128 128 128 128 128 128 128 128 128 128 128 128 128 128 128 128 128 128 128 170
27 28 29 30 31 32 33 43 44 45 46 47 48 49 59 60 61 62 63 128 128 128 128 128 128 128 128 128 128 128 128 128 128 128 128 128 128 128 128 128 128 128 128 128 128 128 128 170 85
28 29 30 31 32 33 34 44 45 46 47 48 49 50 60 61 62 63 128 128 128 128 128 128 128 128 128 128 128 128 128 128 128 128 128 128 128 128 128 128 128 128 128 128 128 128 170 85 170
29 30 31 32 33 34 35 45 46 47 48 49 50 51 61 62 63 128 128 128 128 128 128 128 128 128 128 128 128 128 128 128 128 128 128 128 128 128 128 128 128 128 128 128 128 170 85 170 85
30 31 32 33 34 35 36 46 47 48 49 50 51 52 62 63 128 128 128 128 128 128 128 128 128 128 128 128 128 128 128 128 128 128 128 128 128 128 128 128 128 128 128 128 170 85 170 85 170
31 32 33 34 35 36 37 47 48 49 50 51 52 53 63 128 128 128 128 128 128 128 128 128 128 128 128 128 128 128 128 128 128 128 128 128 128 128 128 128 128 128 128 170 85 170 85 170 85
32 33 34 35 36 37 38 48 49 50 51 52 53 54 128 128 128 128 128 128 128 128 128 128 128 128 128 128 128 128 128 128 128 128 128 128 128 128 128 128 128 128 170 85 170 85 170 85 170
33 34 35 36 37 38 39 49 50 51 52 53 54 55 128 128 128 128 128 128 128 128 128 128 128 128 128 128 128 128 128 128 128 128 128 128 128 128 128 128 128 128 85 170 85 170 85 170 85
34 35 36 37 38 39 40 50 51 52 53 54 55 56 128 128 128 128 128 128 128 128 128 128 128 128 128 128 128 128 128 128 128 128 128 128 128 128 128 128 128 128 170 85 170 85 170 85 170
35 36 37 38 39 40 41 51 52 53 54 55 56 57 128 128 128 128 128 128 128 128 128 128 128 128 128 128 128 128 128 128 128 128 128 128 128 128 128 128 128 128 85 170 85 170 85 170 85
36 37 38 39 40 41 42 52 53 54 55 56 57 58 128 128 128 128 128 128 128 128 128 128 128 128 128 128 128 128 128 128 128 128 128 128 128 128 128 128 128 128 170 85 170 85 170 85 170
37 38 39 40 41 42 43 53 54 55 56 57 58 59 128 128 128 128 128 128 128 128 128 128 128 128 128 128 128 128 128 128 128 128 128 128 128 128 128 128 128 128 85 170 85 170 85 170 85
38 39 40 41 42 43 44 54 55 56 57 58 59 60 128 128 128 128 128 128 128 128 128 128 128 128 128 128 128 128 128 128 128 128 128 128 128 128 128 128 128 128 170 85 170 85 170 85 170
39 40 41 42 43 44 45 55 56 57 58 59 60 61 128 128 128 128 128 128 128 128 128 128 128 128 128 128 128 128 128 128 128 128 128 128 128 128 128 128 128 128 85 170 85 170 85 170 85
40 41 42 43 44 45 46 56 57 58 59 60 61 62 128 128 128 128 128 128 128 128 128 128 128 128 128 128 128 128 128 128 128 128 128 128 128 128 128 128 128 128 170 85 170 85 170 85 170
41 42 43 44 45 46 47 57 58 59 60 61 62 63 128 128 128 128 128 128 128 128 128 128 128 128 128 128 128 128 128 128 128 128 128 128 128 128 128 128 128 128 85 170 85 170 85 170 85
42 43 44 45 46 47 48 58 59 60 61 62 63 128 128 128 128 128 128 128 128 128 128 128 128 128 128 128 128 128 128 128 128 128 128 128 128 128 128 128 128 170 170 85 170 85 170 85 85
43 44 45 46 47 48 49 59 60 61 62 63 128 128 128 128 128 128 128 128 128 128 128 128 128 128 128 128 128 128 128 128 128 128 128 128 128 128 128 128 170 85 85 170 85 170 85 85 170
44 45 46 47 48 49 50 60 61 62 63 128 128 128 128 128 128 128 128 128 128 128 128 128 128 128 128 128 128 128 128 128 128 128 128 128 128 128 128 170 85 170 170 85 170 85 85 170 85
45 46 47 48 49 50 51 61 62 63 128 128 128 128 128 128 128 128 128 128 128 128 128 128 128 128 128 128 128 128 128 128 128 128 128 128 128 128 170 85 170 85 85 170 85 85 170 85 170
46 47 48 49 50 51 52 62 63 128 128 128 128 128 128 128 128 128 128 128 128 128 128 128 128 128 128 128 128 128 128 128 128 128 128 128 128 170 85 170 85 170 170 85 85 170 85 170 85
47 48 49 50 51 52 53 63 128 128 128 128 128 128 128 128 128 128 128 128 128 128 128 128 128 128 128 128 128 128 128 128 128 128 128 128 170 85 170 85 170 85 85 85 170 85 170 85 170
48 49 50 51 52 53 54 128 128 128 128 128 128 128 128 128 128 128 128 128 128 128 128 128 128 128 128 128 128 128 128 128 128 128 128 170 85 170 85 170 85 170 85 170 85 170 85 170 85
49 50 51 52 53 54 55 128 128 128 128 128 128 128 128 128 128 128 128 128 128 128 128 128 128 128 128 128 128 128 128 128 128 128 128 85 170 85 170 85 170 85 170 85 170 85 170 85 170
50 51 52 53 54 55 56 128 128 128 128 128 128 128 128 128 128 128 128 128 128 128 128 128 128 128 128 128 128 128 128 128 128 128 128 170 85 170 85 170 85 170 85 170 85 170 85 170 85
51 52 53 54 55 56 57 128 128 128 128 128 128 128 128 128 128 128 128 128 128 128 128 128 128 128 128 128 128 128 128 128 128 128 128 85 170 85 170 85 170 85 170 85 170 85 170 85 170
52 53 54 55 56 57 58 128 128 128 128 128 128 128 128 128 128 128 128 128 128 128 128 128 128 128 128 128 128 128 128 128 128 128 128 170 85 170 85 170 85 170 85 170 85 170 85 170 85
53 54 55 56 57 58 59 128 128 128 128 128 128 128 128 128 128 128 128 128 128 128 128 128 128 128 128 128 128 128 128 128 128 128 128 85 170 85 170 85 170 85 170 85 170 85 170 85 170
54 55 56 57 58 59 60 128 128 128 128 128 128 128 128 128 128 128 128 128 128 128 128 128 128 128 128 128 128 128 128 128 128 128 128 170 85 170 85 170 85 170 85 170 85 170 85 170 85
55 56 57 58 59 60 61 128 128 128 128 128 128 128 128 128 128 128 128 128 128 128 128 128 128 128 128 128 128 128 128 128 128 128 128 85 170 85 170 85 170 85 170 85 170 85 170 85 170
56 57 58 59 60 61 62 128 128 128 128 128 128 128 128 128 128 128 128 128 128 128 128 128 128 128 128 128 128 128 128 128 128 128 128 170 85 170 85 170 85 170 85 170 85 170 85 170 85
57 58 59 60 61 62 63 128 128 128 128 128 128 128 128 128 128 128 128 128 128 128 128 128 128 128 128 128 128 128 128 128 128 128 128 85 170 85 170 85 170 85 170 85 170 85 170 85 170
58 59 60 61 62 63 128 128 128 128 128 128 128 128 128 128 128 128 128 128 128 128 128 128 128 128 128 128 128 128 128 128 128 128 170 170 85 170 85 170 85 85 85 170 85 170 85 170 170
59 60 61 62 63 128 128 128 128 128 128 128 128 128 128 128 128 128 128 128 128 128 128 128 128 128 128 128 128 128 128 128 128 170 85 85 170 85 170 85 85 170 170 85 170 85 170 170 85
60 61 62 63 128 128 128 128 128 128 128 128 128 128 128 128 128 128 128 128 128 128 128 128 128 128 128 128 128 128 128 128 170 85 170 170 85 170 85 85 170 85 85 170 85 170 170 85 170
61 62 63 128 128 128 128 128 128 128 128 128 128 128 128 128 128 128 128 128 128 128 128 128 128 128 128 128 128 128 128 170 85 170 85 85 170 85 85 170 85 170 170 85 170 170 85 170 85
62 63 128 128 128 128 128 128 128 128 128 128 128 128 128 128 128 128 128 128 128 128 128 128 128 128 128 128 128 128 170 85 170 85 170 170 85 85 170 85 170 85 85 170 170 85 170 85 170
63 128 128 128 128 128 128 128 128 128 128 128 128 128 128 128 128 128 128 128 128 128 128 128 128 128 128 128 128 170 85 170 85 170 85 85 85 170 85 170 85 170 170 170 85 170 85 170 85
128 128 128 128 128 128 128 128 128 128 128 128 128 128 128 128 128 128 128 128 128 128 128 128 128 128 128 128 170 85 170 85 170 85 170 85 170 85 170 85 170 85 170 85 170 85 170 85 170
128 128 128 128 128 128 128 128 128 128 128 128 128 128 128 128 128 128 128 128 128 128 128 128 128 128 128 128 85 170 85 170 85 170 85 170 85 170 85 170 85 170 85 170 85 170 85 170 85
128 128 128 128 128 128 128 128 128 128 128 128 128 128 128 128 128 128 128 128 128 128 128 128 128 128 128 128 170 85 170 85 170 85 170 85 170 85 170 85 170 85 170 85 170 85 170 85 170
128 128 128 128 128 128 128 128 128 128 128 128 128 128 128 128 128 128 128 128 128 128 128 128 128 128 128 128 85 170 85 170 85 170 85 170 85 170 85 170 85 170 85 170 85 170 85 170 85
128 128 128 128 128 128 128 128 128 128 128 128 128 128 128 128 128 128 128 128 128 128 128 128 128 128 128 128 170 85 170 85 170 85 170 85 170 85 170 85 170 85 170 85 170 85 170 85 170
128 128 128 128 128 128 128 128 128 128 128 128 128 128 128 128 128 128 128 128 128 128 128 128 128 128 128 128 85 170 85 170 85 170 85 170 85 170 85 170 85 170 85 170 85 170 85 170 85
128 128 128 128 128 128 128 128 128 128 128 128 128 128 128 128 128 128 128 128 128 128 128 128 128 128 128 128 170 85 170 85 170 85 170 85 170 85 170 85 170 85 170 85 170 85 170 85 170
128 128 128 128 128 128 128 128 128 128 128 128 128 128 128 128 128 128 128 128 128 128 128 128 128 128 128 128 85 170 85 170 85 170 85 170 85 170 85 170 85 170 85 170 85 170 85 170 85
128 128 128 128 128 128 128 128 128 128 128 128 128 128 128 128 128 128 128 128 128 128 128 128 128 128 128 128 170 85 170 85 170 85 170 85 170 85 170 85 170 85 170 85 170 85 170 85 170
128 128 128 128 128 128 128 128 128 128 128 128 128 128 128 128 128 128 128 128 128 128 128 128 128 128 128 128 85 170 85 170 85 170 85 170 85 170 85 170 85 170 85 170 85 170 85 170 85
128 128 128 128 128 128 128 128 128 128 128 128 128 128 128 128 128 128 128 128 128 128 128 128 128 128 128 170 170 85 170 85 170 85 85 85 170 85 170 85 170 170 170 85 170 85 170 85 85
128 128 128 128 128 128 128 128 128 128 128 128 128 128 128 128 128 128 128 128 128 128 128 128 128 128 170 85 85 170 85 170 85 85 170 170 85 170 85 170 170 85 85 170 85 170 85 85 170
128 128 128 128 128 128 128 128 128 128 128 128 128 128 128 128 128 128 128 128 128 128 128 128 128 170 85 170 170 85 170 85 85 170 85 85 170 85 170 170 85 170 170 85 170 85 85 170 85
128 128 128 128 128 128 128 128 128 128 128 128 128 128 128 128 128 128 128 128 128 128 128 128 170 85 170 85 85 170 85 85 170 85 170 170 85 170 170 85 170 85 85 170 85 85 170 85 170
128 128 128 128 128 128 128 128 128 128 128 128 128 128 128 128 128 128 128 128 128 128 128 170 85 170 85 170 170 85 85 170 85 170 85 85 170 170 85 170 85 170 170 85 85 170 85 170 85
128 128 128 128 128 128 128 128 128 128 128 128 128 128 128 128 128 128 128 128 128 128 170 85 170 85 170 85 85 85 170 85 170 85 170 170 170 85 170 85 170 85 85 85 170 85 170 85 170
128 128 128 128 128 128 128 128 128 128 128 128 128 128 128 128 128 128 128 128 128 170 85 170 85 170 85 170 85 170 85 170 85 170 85 170 85 170 85 170 85 170 85 170 85 170 85 170 85
128 128 128 128 128 128 128 128 128 128 128 128 128 128 128 128 128 128 128 128 128 85 170 85 170 85 170 85 170 85 170 85 170 85 170 85 170 85 170 85 170 85 170 85 170 85 170 85 170
128 128 128 128 128 128 128 128 128 128 128 128 128 128 128 128 128 128 128 128 128 170 85 170 85 170 85 170 85 170 85 170 85 170 85 170 85 170 85 170 85 170 85 170 85 170 85 170 85
128 128 128 128 128 128 128 128 128 128 128 128 128 128 128 128 128 128 128 128 128 85 170 85 170 85 170 85 170 85 170 85 170 85 170 85 170 85 170 85 170 85 170 85 170 85 170 85 170
128 128 128 128 128 128 128 128 128 128 128 128 128 128 128 128 128 128 128 128 128 170 85 170 85 170 85 170 85 170 85 170 85 170 85 170 85 170 85 170 85 170 85 170 85 170 85 170 85
128 128 128 128 128 128 128 128 128 128 128 128 128 128 128 128 128 128 128 128 128 85 170 85 170 85 170 85 170 85 170 85 170 85 170 85 170 85 170 85 170 85 170 85 170 85 170 85 170
128 128 128 128 128 128 128 128 128 128 128 128 128 128 128 128 128 128 128 128 128 170 85 170 85 170 85 170 85 170 85 170 85 170 85 170 85 170 85 170 85 170 85 170 85 170 85 170 85
128 128 128 128 128 128 128 128 128 128 128 128 128 128 128 128 128 128 128 128 128 85 170 85 170 85 170 85 170 85 170 85 170 85 170 85 170 85 170 85 170 85 170 85 170 85 170 85 170
128 128 128 128 128 128 128 128 128 128 128 128 128 128 128 128 128 128 128 128 128 170 85 170 85 170 85 170 85 170 85 170 85 170 85 170 85 170 85 170 85 170 85 170 85 170 85 170 85
128 128 128 128 128 128 128 128 128 128 128 128 128 128 128 128 128 128 128 128 128 85 170 85 170 85 170 85 170 85 170 85 170 85 170 85 170 85 170 85 170 85 170 85 170 85 170 85 170
128 128 128 128 128 128 128 128 128 128 128 128 128 128 128 128 128 128 128 128 170 170 85 170 85 170 85 85 85 170 85 170 85 170 170 170 85 170 85 170 85 85 85 170 85 170 85 170 0
128 128 128 128 128 128 128 128 128 128 128 128 128 128 128 128 128 128 128 170 85 85 170 85 170 85 85 170 170 85 170 85 170 170 85 85 170 85 170 85 85 170 170 85 170 85 170 0 0
128 128 128 128 128 128 128 128 128 128 128 128 128 128 128 128 128 128 170 85 170 170 85 170 85 85 170 85 85 170 85 170 170 85 170 170 85 170 85 85 170 85 85 170 85 170 0 0 0
128 128 128 128 128 128 128 128 128 128 128 128 128 128 128 128 128 170 85 170 85 85 170 85 85 170 85 170 170 85 170 170 85 170 85 85 170 85 85 170 85 170 170 85 170 0 0 0 0
128 128 128 128 128 128 128 128 128 128 128 128 128 128 128 128 170 85 170 85 170 170 85 85 170 85 170 85 85 170 170 85 170 85 170 170 85 85 170 85 170 85 85 170 0 0 0 0 0
128 128 128 128 128 128 128 128 128 128 128 128 128 128 128 170 85 170 85 170 85 85 85 170 85 170 85 170 170 170 85 170 85 170 85 85 85 170 85 170 85 170 170 0 0 0 0 0 0
128 128 128 128 128 128 128 128 128 128 128 128 128 128 170 85 170 85 170 85 170 85 170 85 170 85 170 85 170 85 170 85 170 85 170 85 170 85 170 85 170 85 0 0 0 0 0 0 0
128 128 128 128 128 128 128 128 128 128 128 128 128 128 85 170 85 170 85 170 85 170 85 170 85 170 85 170 85 170 85 170 85 170 85 170 85 170 85 170 85 170 0 0 0 0 0 0 0
128 128 128 128 128 128 128 128 128 128 128 128 128 128 170 85 170 85 170 85 170 85 170 85 170 85 170 85 170 85 170 85 170 85 170 85 170 85 170 85 170 85 0 0 0 0 0 0 0
128 128 128 128 128 128 128 128 128 128 128 128 128 128 85 170 85 170 85 170 85 170 85 170 85 170 85 170 85 170 85 170 85 170 85 170 85 170 85 170 85 170 0 0 0 0 0 0 0
128 128 128 128 128 128 128 128 128 128 128 128 128 128 170 85 170 85 170 85 170 85 170 85 170 85 170 85 170 85 170 85 170 85 170 85 170 85 170 85 170 85 0 0 0 0 0 0 0
128 128 128 128 128 128 128 128 128 128 128 128 128 128 85 170 85 170 85 170 85 170 85 170 85 170 85 170 85 170 85 170 85 170 85 170 85 170 85 170 85 170 0 0 0 0 0 0 0
128 128 128 128 128 128 128 128 128 128 128 128 128 128 170 85 170 85 170 85 170 85 170 85 170 85 170 85 170 85 170 85 170 85 170 85 170 85 170 85 170 85 0 0 0 0 0 0 0
128 128 128 128 128 128 128 128 128 128 128 128 128 128 85 170 85 170 85 170 85 170 85 170 85 170 85 170 85 170 85 170 85 170 85 170 85 170 85 170 85 170 0 0 0 0 0 0 0
128 128 128 128 128 128 128 128 128 128 128 128 128 128 170 85 170 85 170 85 170 85 170 85 170 85 170 85 170 85 170 85 170 85 170 85 170 85 170 85 170 85 0 0 0 0 0 0 0
128 128 128 128 128 128 128 128 128 128 128 128 128 128 85 170 85 170 85 170 85 170 85 170 85 170 85 170 85 170 85 170 85 170 85 170 85 170 85 170 85 170 0 0 0 0 0 0 0
128 128 128 128 128 128 128 128 128 128 128 128 128 170 170 85 170 85 170 85 85 85 170 85 170 85 170 170 170 85 170 85 170 85 85 85 170 85 170 85 170 0 0 0 0 0 0 0 0
128 128 128 128 128 128 128 128 128 128 128 128 170 85 85 170 85 170 85 85 170 170 85 170 85 170 170 85 85 170 85 170 85 85 170 170 85 170 85 170 0 0 0 0 0 0 0 0 0
128 128 128 128 128 128 128 128 128 128 128 170 85 170 170 85 170 85 85 170 85 85 170 85 170 170 85 170 170 85 170 85 85 170 85 85 170 85 170 0 0 0 0 0 0 0 0 0 0
128 128 128 128 128 128 128 128 128 128 170 85 170 85 85 170 85 85 170 85 170 170 85 170 170 85 170 85 85 170 85 85 170 85 170 170 85 170 0 0 0 0 0 0 0 0 0 0 0
128 128 128 128 128 128 128 128 128 170 85 170 85 170 170 85 85 170 85 170 85 85 170 170 85 170 85 170 170 85 85 170 85 170 85 85 170 0 0 0 0 0 0 0 0 0 0 0 0
128 128 128 128 128 128 128 128 170 85 170 85 170 85 85 85 170 85 170 85 170 170 170 85 170 85 170 85 85 85 170 85 170 85 170 170 0 0 0 0 0 0 0 0 0 0 0 0 0
128 128 128 128 128 128 128 170 85 170 85 170 85 170 85 170 85 170 85 170 85 170 85 170 85 170 85 170 85 170 85 170 85 170 85 0 0 0 0 0 0 0 0 0 0 0 0 0 0
128 128 128 128 128 128 128 85 170 85 170 85 170 85 170 85 170 85 170 85 170 85 170 85 170 85 170 85 170 85 170 85 170 85 170 0 0 0 0 0 0 0 0 0 0 0 0 0 0
128 128 128 128 128 128 128 170 85 170 85 170 85 170 85 170 85 170 85 170 85 170 85 170 85 170 85 170 85 170 85 170 85 170 85 0 0 0 0 0 0 0 0 0 0 0 0 0 0
128 128 128 128 128 128 128 85 170 85 170 85 170 85 170 85 170 85 170 85 170 85 170 85 170 85 170 85 170 85 170 85 170 85 170 0 0 0 0 0 0 0 0 0 0 0 0 0 0
128 128 128 128 128 128 128 170 85 170 85 170 85 170 85 170 85 170 85 170 85 170 85 170 85 170 85 170 85 170 85 170 85 170 85 0 0 0 0 0 0 0 0 0 0 0 0 0 0
128 128 128 128 128 128 128 85 170 85 170 85 170 85 170 85 170 85 170 85 170 85 170 85 170 85 170 85 170 85 170 85 170 85 170 0 0 0 0 0 0 0 0 0 0 0 0 0 0
128 128 128 128 128 128 128 170 85 170 85 170 85 170 85 170 85 170 85 170 85 170 85 170 85 170 85 170 85 170 85 170 85 170 85 0 0 0 0 0 0 0 0 0 0 0 0 0 0
128 128 128 128 128 128 128 85 170 85 170 85 170 85 170 85 170 85 170 85 170 85 170 85 170 85 170 85 170 85 170 85 170 85 170 0 0 0 0 0 0 0 0 0 0 0 0 0 0
128 128 128 128 128 128 128 170 85 170 85 170 85 170 85 170 85 170 85 170 85 170 85 170 85 170 85 170 85 170 85 170 85 170 85 0 0 0 0 0 0 0 0 0 0 0 0 0 0
128 128 128 128 128 128 128 85 170 85 170 85 170 85 170 85 170 85 170 85 170 85 170 85 170 85 170 85 170 85 170 85 170 85 170 0 0 0 0 0 0 0 0 0 0 0 0 0 0
128 128 128 128 128 128 170 170 85 170 85 170 85 85 85 170 85 170 85 170 170 170 85 170 85 170 85 85 85 170 85 170 85 170 0 0 0 0 0 0 0 0 0 0 0 0 0 0 0
128 128 128 128 128 170 85 85 170 85 170 85 85 170 170 85 170 85 170 170 85 85 170 85 170 85 85 170 170 85 170 85 170 0 0 0 0 0 0 0 0 0 0 0 0 0 0 0 0
128 128 128 128 170 85 170 170 85 170 85 85 170 85 85 170 85 170 170 85 170 170 85 170 85 85 170 85 85 170 85 170 0 0 0 0 0 0 0 0 0 0 0 0 0 0 0 0 0
128 128 128 170 85 170 85 85 170 85 85 170 85 170 170 85 170 170 85 170 85 85 170 85 85 170 85 170 170 85 170 0 0 0 0 0 0 0 0 0 0 0 0 0 0 0 0 0 0
128 128 170 85 170 85 170 170 85 85 170 85 170 85 85 170 170 85 170 85 170 170 85 85 170 85 170 85 85 170 0 0 0 0 0 0 0 0 0 0 0 0 0 0 0 0 0 0 0
128 170 85 170 85 170 85 85 85 170 85 170 85 170 170 170 85 170 85 170 85 85 85 170 85 170 85 170 170 0 0 0 0 0 0 0 0 0 0 0 0 0 0 0 0 0 0 0 0
170 85 170 85 170 85 170 85 170 85 170 85 170 85 170 85 170 85 170 85 170 85 170 85 170 85 170 85 0 0 0 0 0 0 0 0 0 0 0 0 0 0 0 0 0 0 0 0 0
85 170 85 170 85 170 85 170 85 170 85 170 85 170 85 170 85 170 85 170 85 170 85 170 85 170 85 170 0 0 0 0 0 0 0 0 0 0 0 0 0 0 0 0 0 0 0 0 0
170 85 170 85 170 85 170 85 170 85 170 85 170 85 170 85 170 85 170 85 170 85 170 85 170 85 170 85 0 0 0 0 0 0 0 0 0 0 0 0 0 0 0 0 0 0 0 0 0
85 170 85 170 85 170 85 170 85 170 85 170 85 170 85 170 85 170 85 170 85 170 85 170 85 170 85 170 0 0 0 0 0 0 0 0 0 0 0 0 0 0 0 0 0 0 0 0 0
170 85 170 85 170 85 170 85 170 85 170 85 170 85 170 85 170 85 170 85 170 85 170 85 170 85 170 85 0 0 0 0 0 0 0 0 0 0 0 0 0 0 0 0 0 0 0 0 0
85 170 85 170 85 170 85 170 85 170 85 170 85 170 85 170 85 170 85 170 85 170 85 170 85 170 85 170 0 0 0 0 0 0 0 0 0 0 0 0 0 0 0 0 0 0 0 0 0
170 85 170 85 170 85 170 85 170 85 170 85 170 85 170 85 170 85 170 85 170 85 170 85 170 85 170 85 0 0 0 0 0 0 0 0 0 0 0 0 0 0 0 0 0 0 0 0 0
85 170 85 170 85 170 85 170 85 170 85 170 85 170 85 170 85 170 85 170 85 170 85 170 85 170 85 170 0 0 0 0 0 0 0 0 0 0 0 0 0 0 0 0 0 0 0 0 0
170 85 170 85 170 85 170 85 170 85 170 85 170 85 170 85 170 85 170 85 170 85 170 85 170 85 170 85 0 0 0 0 0 0 0 0 0 0 0 0 0 0 0 0 0 0 0 0 0
85 170 85 170 85 170 85 170 85 170 85 170 85 170 85 170 85 170 85 170 85 170 85 170 85 170 85 170 0 0 0 0 0 0 0 0 0 0 0 0 0 0 0 0 0 0 0 0 0
170 85 170 85 170 85 85 85 170 85 170 85 170 170 170 85 170 85 170 85 85 85 170 85 170 85 170 0 0 0 0 0 0 0 0 0 0 0 0 0 0 0 0 0 0 0 0 0 0
85 170 85 170 85 85 170 170 85 170 85 170 170 85 85 170 85 170 85 85 170 170 85 170 85 170 0 0 0 0 0 0 0 0 0 0 0 0 0 0 0 0 0 0 0 0 0 0 0
170 85 170 85 85 170 85 85 170 85 170 170 85 170 170 85 170 85 85 170 85 85 170 85 170 0 0 0 0 0 0 0 0 0 0 0 0 0 0 0 0 0 0 0 0 0 0 0 0
