0 0 0 0 0 0 0 0 0 0 0 0 0 0 0 0 0 0 0 0 0 0 0 0 0 1 2 3 0 1 2 3 4 5 6 3 4 5 6 7 8 128 6 7 8 128 128 128 128
0 0 0 0 0 0 0 0 0 0 0 0 0 0 0 0 0 0 0 0 1 0 0 0 1 2 3 4 1 2 3 4 5 6 7 4 5 6 7 8 128 128 7 8 128 128 128 128 128
0 0 0 0 0 0 0 0 0 0 0 0 0 0 0 0 0 0 0 1 2 0 0 1 2 3 4 5 2 3 4 5 6 7 8 5 6 7 8 128 128 128 8 128 128 128 128 128 128
0 0 0 0 0 0 0 0 0 0 0 0 0 0 0 0 0 0 1 2 3 0 1 2 3 4 5 6 3 4 5 6 7 8 128 6 7 8 128 128 128 128 128 128 128 128 128 128 128
0 0 0 0 0 0 0 0 0 0 0 0 0 1 0 0 0 1 2 3 4 1 2 3 4 5 6 7 4 5 6 7 8 128 128 7 8 128 128 128 128 128 128 128 128 128 128 128 128
0 0 0 0 0 0 0 0 0 0 0 0 1 2 0 0 1 2 3 4 5 2 3 4 5 6 7 8 5 6 7 8 128 128 128 8 128 128 128 128 128 128 128 128 128 128 128 128 128
0 0 0 0 0 0 0 0 0 0 0 1 2 3 0 1 2 3 4 5 6 3 4 5 6 7 8 128 6 7 8 128 128 128 128 128 128 128 128 128 128 128 128 128 128 128 128 128 170
0 0 0 0 0 0 1 0 0 0 1 2 3 4 1 2 3 4 5 6 7 4 5 6 7 8 128 128 7 8 128 128 128 128 128 128 128 128 128 128 128 128 128 128 128 128 128 170 85
0 0 0 0 0 1 2 0 0 1 2 3 4 5 2 3 4 5 6 7 8 5 6 7 8 128 128 128 8 128 128 128 128 128 128 128 128 128 128 128 128 128 128 128 128 128 170 85 170
0 0 0 0 1 2 3 0 1 2 3 4 5 6 3 4 5 6 7 8 128 6 7 8 128 128 128 128 128 128 128 128 128 128 128 128 128 128 128 128 128 170 128 128 128 170 85 170 85
0 0 0 1 2 3 4 1 2 3 4 5 6 7 4 5 6 7 8 128 128 7 8 128 128 128 128 128 128 128 128 128 128 128 128 128 128 128 128 128 170 85 128 128 170 85 170 85 170
0 0 1 2 3 4 5 2 3 4 5 6 7 8 5 6 7 8 128 128 128 8 128 128 128 128 128 128 128 128 128 128 128 128 128 128 128 128 128 170 85 170 128 170 85 170 85 170 85
0 1 2 3 4 5 6 3 4 5 6 7 8 128 6 7 8 128 128 128 128 128 128 128 128 128 128 128 128 128 128 128 128 128 170 128 128 128 170 85 170 85 170 85 170 85 170 85 170
1 2 3 4 5 6 7 4 5 6 7 8 128 128 7 8 128 128 128 128 128 128 128 128 128 128 128 128 128 128 128 128 128 170 85 128 128 170 85 170 85 170 85 170 85 170 85 170 85
2 3 4 5 6 7 8 5 6 7 8 128 128 128 8 128 128 128 128 128 128 128 128 128 128 128 128 128 128 128 128 128 170 85 170 128 170 85 170 85 170 85 170 85 170 85 170 85 170
