0 0 0 0 0 0 0 0 0 0 0 0 0 0 0
257 0 0 0 0 257 0 0 0 0 257 0 0 0 0
514 257 0 0 0 514 257 0 0 0 514 257 0 0 0
771 514 257 0 0 771 514 257 0 0 771 514 257 0 0
1028 771 514 257 0 1028 771 514 257 0 1028 771 514 257 0
1285 1028 771 514 257 1285 1028 771 514 257 1285 1028 771 514 257
1542 1285 1028 771 514 1542 1285 1028 771 514 1542 1285 1028 771 514
1799 1542 1285 1028 771 1799 1542 1285 1028 771 1799 1542 1285 1028 771
0 0 0 0 0 0 0 0 0 0 2056 2056 2056 2056 2056
257 0 0 0 0 257 0 0 0 0 2313 2056 2056 2056 2056
514 257 0 0 0 514 257 0 0 0 2570 2313 2056 2056 2056
771 514 257 0 0 771 514 257 0 0 2827 2570 2313 2056 2056
1028 771 514 257 0 1028 771 514 257 0 3084 2827 2570 2313 2056
1285 1028 771 514 257 1285 1028 771 514 257 3341 3084 2827 2570 2313
1542 1285 1028 771 514 1542 1285 1028 771 514 3598 3341 3084 2827 2570
1799 1542 1285 1028 771 1799 1542 1285 1028 771 3855 3598 3341 3084 2827
0 0 0 0 0 2056 2056 2056 2056 2056 4112 4112 4112 4112 4112
257 0 0 0 0 2313 2056 2056 2056 2056 4369 4112 4112 4112 4112
514 257 0 0 0 2570 2313 2056 2056 2056 4626 4369 4112 4112 4112
771 514 257 0 0 2827 2570 2313 2056 2056 4883 4626 4369 4112 4112
1028 771 514 257 0 3084 2827 2570 2313 2056 5140 4883 4626 4369 4112
1285 1028 771 514 257 3341 3084 2827 2570 2313 5397 5140 4883 4626 4369
1542 1285 1028 771 514 3598 3341 3084 2827 2570 5654 5397 5140 4883 4626
1799 1542 1285 1028 771 3855 3598 3341 3084 2827 5911 5654 5397 5140 4883
2056 2056 2056 2056 2056 4112 4112 4112 4112 4112 6168 6168 6168 6168 6168
2313 2056 2056 2056 2056 4369 4112 4112 4112 4112 6425 6168 6168 6168 6168
2570 2313 2056 2056 2056 4626 4369 4112 4112 4112 6682 6425 6168 6168 6168
2827 2570 2313 2056 2056 4883 4626 4369 4112 4112 6939 6682 6425 6168 6168
3084 2827 2570 2313 2056 5140 4883 4626 4369 4112 7196 6939 6682 6425 6168
3341 3084 2827 2570 2313 5397 5140 4883 4626 4369 7453 7196 6939 6682 6425
3598 3341 3084 2827 2570 5654 5397 5140 4883 4626 7710 7453 7196 6939 6682
3855 3598 3341 3084 2827 5911 5654 5397 5140 4883 7967 7710 7453 7196 6939
4112 4112 4112 4112 4112 6168 6168 6168 6168 6168 8224 8224 8224 8224 8224
4369 4112 4112 4112 4112 6425 6168 6168 6168 6168 8481 8224 8224 8224 8224
4626 4369 4112 4112 4112 6682 6425 6168 6168 6168 8738 8481 8224 8224 8224
4883 4626 4369 4112 4112 6939 6682 6425 6168 6168 8995 8738 8481 8224 8224
5140 4883 4626 4369 4112 7196 6939 6682 6425 6168 9252 8995 8738 8481 8224
5397 5140 4883 4626 4369 7453 7196 6939 6682 6425 9509 9252 8995 8738 8481
5654 5397 5140 4883 4626 7710 7453 7196 6939 6682 9766 9509 9252 8995 8738
5911 5654 5397 5140 4883 7967 7710 7453 7196 6939 10023 9766 9509 9252 8995
6168 6168 6168 6168 6168 8224 8224 8224 8224 8224 10280 10280 10280 10280 10280
6425 6168 6168 6168 6168 8481 8224 8224 8224 8224 10537 10280 10280 10280 10280
6682 6425 6168 6168 6168 8738 8481 8224 8224 8224 10794 10537 10280 10280 10280
6939 6682 6425 6168 6168 8995 8738 8481 8224 8224 11051 10794 10537 10280 10280
7196 6939 6682 6425 6168 9252 8995 8738 8481 8224 11308 11051 10794 10537 10280
7453 7196 6939 6682 6425 9509 9252 8995 8738 8481 11565 11308 11051 10794 10537
7710 7453 7196 6939 6682 9766 9509 9252 8995 8738 11822 11565 11308 11051 10794
7967 7710 7453 7196 6939 10023 9766 9509 9252 8995 12079 11822 11565 11308 11051
8224 8224 8224 8224 8224 10280 10280 10280 10280 10280 12336 12336 12336 12336 12336
8481 8224 8224 8224 8224 10537 10280 10280 10280 10280 12593 12336 12336 12336 12336
8738 8481 8224 8224 8224 10794 10537 10280 10280 10280 12850 12593 12336 12336 12336
8995 8738 8481 8224 8224 11051 10794 10537 10280 10280 13107 12850 12593 12336 12336
9252 8995 8738 8481 8224 11308 11051 10794 10537 10280 13364 13107 12850 12593 12336
9509 9252 8995 8738 8481 11565 11308 11051 10794 10537 13621 13364 13107 12850 12593
9766 9509 9252 8995 8738 11822 11565 11308 11051 10794 13878 13621 13364 13107 12850
10023 9766 9509 9252 8995 12079 11822 11565 11308 11051 14135 13878 13621 13364 13107
10280 10280 10280 10280 10280 12336 12336 12336 12336 12336 14392 14392 14392 14392 14392
10537 10280 10280 10280 10280 12593 12336 12336 12336 12336 14649 14392 14392 14392 14392
10794 10537 10280 10280 10280 12850 12593 12336 12336 12336 14906 14649 14392 14392 14392
11051 10794 10537 10280 10280 13107 12850 12593 12336 12336 15163 14906 14649 14392 14392
11308 11051 10794 10537 10280 13364 13107 12850 12593 12336 15420 15163 14906 14649 14392
11565 11308 11051 10794 10537 13621 13364 13107 12850 12593 15677 15420 15163 14906 14649
11822 11565 11308 11051 10794 13878 13621 13364 13107 12850 15934 15677 15420 15163 14906
12079 11822 11565 11308 11051 14135 13878 13621 13364 13107 16191 15934 15677 15420 15163
12336 12336 12336 12336 12336 14392 14392 14392 14392 14392 0 0 0 0 0
12593 12336 12336 12336 12336 14649 14392 14392 14392 14392 0 0 0 0 0
12850 12593 12336 12336 12336 14906 14649 14392 14392 14392 0 0 0 0 0
13107 12850 12593 12336 12336 15163 14906 14649 14392 14392 0 0 0 0 0
13364 13107 12850 12593 12336 15420 15163 14906 14649 14392 0 0 0 0 0
13621 13364 13107 12850 12593 15677 15420 15163 14906 14649 0 0 0 0 0
13878 13621 13364 13107 12850 15934 15677 15420 15163 14906 0 0 0 0 0
14135 13878 13621 13364 13107 16191 15934 15677 15420 15163 0 0 0 0 0
14392 14392 14392 14392 14392 0 0 0 0 0 0 0 0 0 0
14649 14392 14392 14392 14392 0 0 0 0 0 0 0 0 0 0
14906 14649 14392 14392 14392 0 0 0 0 0 0 0 0 0 0
15163 14906 14649 14392 14392 0 0 0 0 0 0 0 0 0 0
15420 15163 14906 14649 14392 0 0 0 0 0 0 0 0 0 0
15677 15420 15163 14906 14649 0 0 0 0 0 0 0 0 0 0
15934 15677 15420 15163 14906 0 0 0 0 0 0 0 0 0 0
16191 15934 15677 15420 15163 0 0 0 0 0 0 0 0 0 0
32896 32896 32896 32896 32896 32896 32896 32896 32896 32896 32896 32896 32896 32896 32896
32896 32896 32896 32896 32896 32896 32896 32896 32896 32896 32896 32896 32896 32896 32896
32896 32896 32896 32896 32896 32896 32896 32896 32896 32896 32896 32896 32896 32896 32896
32896 32896 32896 32896 32896 32896 32896 32896 32896 32896 32896 32896 32896 32896 32896
32896 32896 32896 32896 32896 32896 32896 32896 32896 32896 32896 32896 32896 32896 32896
32896 32896 32896 32896 32896 32896 32896 32896 32896 32896 32896 32896 32896 32896 32896
32896 32896 32896 32896 32896 32896 32896 32896 32896 32896 32896 32896 32896 32896 32896
32896 32896 32896 32896 32896 32896 32896 32896 32896 32896 32896 32896 32896 32896 32896
32896 32896 32896 32896 32896 32896 32896 32896 32896 32896 32896 32896 32896 32896 32896
32896 32896 32896 32896 32896 32896 32896 32896 32896 32896 32896 32896 32896 32896 32896
32896 32896 32896 32896 32896 32896 32896 32896 32896 32896 32896 32896 32896 32896 32896
32896 32896 32896 32896 32896 32896 32896 32896 32896 32896 32896 32896 32896 32896 32896
32896 32896 32896 32896 32896 32896 32896 32896 32896 32896 32896 32896 32896 32896 32896
32896 32896 32896 32896 32896 32896 32896 32896 32896 32896 32896 32896 32896 32896 32896
32896 32896 32896 32896 32896 32896 32896 32896 32896 32896 32896 32896 32896 32896 32896
32896 32896 32896 32896 32896 32896 32896 32896 32896 32896 32896 32896 32896 32896 32896
32896 32896 32896 32896 32896 32896 32896 32896 32896 32896 32896 32896 32896 32896 32896
32896 32896 32896 32896 32896 32896 32896 32896 32896 32896 32896 32896 32896 32896 32896
32896 32896 32896 32896 32896 32896 32896 32896 32896 32896 32896 32896 32896 32896 32896
32896 32896 32896 32896 32896 32896 32896 32896 32896 32896 32896 32896 32896 32896 32896
32896 32896 32896 32896 32896 32896 32896 32896 32896 32896 32896 32896 32896 32896 32896
32896 32896 32896 32896 32896 32896 32896 32896 32896 32896 32896 32896 32896 32896 32896
32896 32896 32896 32896 32896 32896 32896 32896 32896 32896 32896 32896 32896 32896 32896
32896 32896 32896 32896 32896 32896 32896 32896 32896 32896 32896 32896 32896 32896 32896
32896 32896 32896 32896 32896 32896 32896 32896 32896 32896 32896 32896 32896 32896 32896
32896 32896 32896 32896 32896 32896 32896 32896 32896 32896 32896 32896 32896 32896 32896
32896 32896 32896 32896 32896 32896 32896 32896 32896 32896 32896 32896 32896 32896 32896
32896 32896 32896 32896 32896 32896 32896 32896 32896 32896 32896 32896 32896 32896 32896
32896 32896 32896 32896 32896 32896 32896 32896 32896 32896 32896 32896 32896 32896 32896
32896 32896 32896 32896 32896 32896 32896 32896 32896 32896 32896 32896 32896 32896 32896
32896 32896 32896 32896 32896 32896 32896 32896 32896 32896 32896 32896 32896 32896 32896
32896 32896 32896 32896 32896 32896 32896 32896 32896 32896 32896 32896 32896 32896 32896
32896 32896 32896 32896 32896 32896 32896 32896 32896 32896 32896 32896 32896 32896 32896
32896 32896 32896 32896 32896 32896 32896 32896 32896 32896 32896 32896 32896 32896 32896
32896 32896 32896 32896 32896 32896 32896 32896 32896 32896 32896 32896 32896 32896 32896
32896 32896 32896 32896 32896 32896 32896 32896 32896 32896 32896 32896 32896 32896 32896
32896 32896 32896 32896 32896 32896 32896 32896 32896 32896 32896 32896 32896 32896 32896
32896 32896 32896 32896 32896 32896 32896 32896 32896 32896 32896 32896 32896 32896 32896
32896 32896 32896 32896 32896 32896 32896 32896 32896 32896 32896 32896 32896 32896 32896
32896 32896 32896 32896 32896 32896 32896 32896 32896 32896 32896 32896 32896 32896 32896
32896 32896 32896 32896 32896 32896 32896 32896 32896 32896 32896 32896 32896 32896 32896
32896 32896 32896 32896 32896 32896 32896 32896 32896 32896 32896 32896 32896 32896 32896
32896 32896 32896 32896 32896 32896 32896 32896 32896 32896 32896 32896 32896 32896 32896
32896 32896 32896 32896 32896 32896 32896 32896 32896 32896 32896 32896 32896 32896 32896
32896 32896 32896 32896 32896 32896 32896 32896 32896 32896 32896 32896 32896 32896 32896
32896 32896 32896 32896 32896 32896 32896 32896 32896 32896 32896 32896 32896 32896 32896
32896 32896 32896 32896 32896 32896 32896 32896 32896 32896 32896 32896 32896 32896 32896
32896 32896 32896 32896 32896 32896 32896 32896 32896 32896 32896 32896 32896 32896 32896
32896 32896 32896 32896 32896 32896 32896 32896 32896 32896 32896 32896 32896 32896 32896
32896 32896 32896 32896 32896 32896 32896 32896 32896 32896 32896 32896 32896 32896 32896
32896 32896 32896 32896 32896 32896 32896 32896 32896 32896 32896 32896 32896 32896 32896
32896 32896 32896 32896 32896 32896 32896 32896 32896 32896 32896 32896 32896 32896 32896
32896 32896 32896 32896 32896 32896 32896 32896 32896 32896 32896 32896 32896 32896 32896
32896 32896 32896 32896 32896 32896 32896 32896 32896 32896 32896 32896 32896 32896 32896
32896 32896 32896 32896 32896 32896 32896 32896 32896 32896 32896 32896 32896 32896 32896
32896 32896 32896 32896 32896 32896 32896 32896 32896 32896 32896 32896 32896 32896 32896
32896 32896 32896 32896 32896 32896 32896 32896 32896 32896 32896 32896 32896 32896 32896
32896 32896 32896 32896 32896 32896 32896 32896 32896 32896 32896 32896 32896 32896 32896
32896 32896 32896 32896 32896 32896 32896 32896 32896 32896 32896 32896 32896 32896 32896
32896 32896 32896 32896 32896 32896 32896 32896 32896 32896 32896 32896 32896 32896 32896
32896 32896 32896 32896 32896 32896 32896 32896 32896 32896 32896 32896 32896 32896 32896
32896 32896 32896 32896 32896 32896 32896 32896 32896 32896 32896 32896 32896 32896 32896
32896 32896 32896 32896 32896 32896 32896 32896 32896 32896 32896 32896 32896 32896 32896
32896 32896 32896 32896 32896 32896 32896 32896 32896 32896 32896 32896 32896 32896 32896
32896 32896 32896 32896 32896 32896 32896 32896 32896 32896 0 0 0 0 0
32896 32896 32896 32896 32896 32896 32896 32896 32896 32896 0 0 0 0 0
32896 32896 32896 32896 32896 32896 32896 32896 32896 32896 0 0 0 0 0
32896 32896 32896 32896 32896 32896 32896 32896 32896 32896 0 0 0 0 0
32896 32896 32896 32896 32896 32896 32896 32896 32896 32896 0 0 0 0 0
32896 32896 32896 32896 32896 32896 32896 32896 32896 32896 0 0 0 0 0
32896 32896 32896 32896 32896 32896 32896 32896 32896 32896 0 0 0 0 0
32896 32896 32896 32896 32896 32896 32896 32896 32896 32896 0 0 0 0 0
32896 32896 32896 32896 32896 0 0 0 0 0 0 0 0 0 0
32896 32896 32896 32896 32896 0 0 0 0 0 0 0 0 0 0
32896 32896 32896 32896 32896 0 0 0 0 0 0 0 0 0 0
32896 32896 32896 32896 32896 0 0 0 0 0 0 0 0 0 0
32896 32896 32896 32896 32896 0 0 0 0 0 0 0 0 0 0
32896 32896 32896 32896 32896 0 0 0 0 0 0 0 0 0 0
32896 32896 32896 32896 32896 0 0 0 0 0 0 0 0 0 0
32896 32896 32896 32896 32896 0 0 0 0 0 0 0 0 0 0
43690 43690 43690 43690 43690 43690 43690 43690 43690 43690 43690 43690 43690 43690 43690
21845 43690 43690 43690 43690 21845 43690 43690 43690 43690 21845 43690 43690 43690 43690
43690 21845 43690 43690 43690 43690 21845 43690 43690 43690 43690 21845 43690 43690 43690
21845 43690 21845 43690 43690 21845 43690 21845 43690 43690 21845 43690 21845 43690 43690
43690 21845 43690 21845 43690 43690 21845 43690 21845 43690 43690 21845 43690 21845 43690
21845 43690 21845 43690 21845 21845 43690 21845 43690 21845 21845 43690 21845 43690 21845
43690 21845 43690 21845 43690 43690 21845 43690 21845 43690 43690 21845 43690 21845 43690
21845 43690 21845 43690 21845 21845 43690 21845 43690 21845 21845 43690 21845 43690 21845
43690 43690 43690 43690 43690 43690 43690 43690 43690 43690 21845 21845 21845 21845 21845
21845 43690 43690 43690 43690 21845 43690 43690 43690 43690 43690 21845 21845 21845 21845
43690 21845 43690 43690 43690 43690 21845 43690 43690 43690 21845 43690 21845 21845 21845
21845 43690 21845 43690 43690 21845 43690 21845 43690 43690 43690 21845 43690 21845 21845
43690 21845 43690 21845 43690 43690 21845 43690 21845 43690 21845 43690 21845 43690 21845
21845 43690 21845 43690 21845 21845 43690 21845 43690 21845 43690 21845 43690 21845 43690
43690 21845 43690 21845 43690 43690 21845 43690 21845 43690 21845 43690 21845 43690 21845
21845 43690 21845 43690 21845 21845 43690 21845 43690 21845 43690 21845 43690 21845 43690
43690 43690 43690 43690 43690 21845 21845 21845 21845 21845 43690 43690 43690 43690 43690
21845 43690 43690 43690 43690 43690 21845 21845 21845 21845 21845 43690 43690 43690 43690
43690 21845 43690 43690 43690 21845 43690 21845 21845 21845 43690 21845 43690 43690 43690
21845 43690 21845 43690 43690 43690 21845 43690 21845 21845 21845 43690 21845 43690 43690
43690 21845 43690 21845 43690 21845 43690 21845 43690 21845 43690 21845 43690 21845 43690
21845 43690 21845 43690 21845 43690 21845 43690 21845 43690 21845 43690 21845 43690 21845
43690 21845 43690 21845 43690 21845 43690 21845 43690 21845 43690 21845 43690 21845 43690
21845 43690 21845 43690 21845 43690 21845 43690 21845 43690 21845 43690 21845 43690 21845
21845 21845 21845 21845 21845 43690 43690 43690 43690 43690 21845 21845 21845 21845 21845
43690 21845 21845 21845 21845 21845 43690 43690 43690 43690 43690 21845 21845 21845 21845
21845 43690 21845 21845 21845 43690 21845 43690 43690 43690 21845 43690 21845 21845 21845
43690 21845 43690 21845 21845 21845 43690 21845 43690 43690 43690 21845 43690 21845 21845
21845 43690 21845 43690 21845 43690 21845 43690 21845 43690 21845 43690 21845 43690 21845
43690 21845 43690 21845 43690 21845 43690 21845 43690 21845 43690 21845 43690 21845 43690
21845 43690 21845 43690 21845 43690 21845 43690 21845 43690 21845 43690 21845 43690 21845
43690 21845 43690 21845 43690 21845 43690 21845 43690 21845 43690 21845 43690 21845 43690
43690 43690 43690 43690 43690 21845 21845 21845 21845 21845 43690 43690 43690 43690 43690
21845 43690 43690 43690 43690 43690 21845 21845 21845 21845 21845 43690 43690 43690 43690
43690 21845 43690 43690 43690 21845 43690 21845 21845 21845 43690 21845 43690 43690 43690
21845 43690 21845 43690 43690 43690 21845 43690 21845 21845 21845 43690 21845 43690 43690
43690 21845 43690 21845 43690 21845 43690 21845 43690 21845 43690 21845 43690 21845 43690
21845 43690 21845 43690 21845 43690 21845 43690 21845 43690 21845 43690 21845 43690 21845
43690 21845 43690 21845 43690 21845 43690 21845 43690 21845 43690 21845 43690 21845 43690
21845 43690 21845 43690 21845 43690 21845 43690 21845 43690 21845 43690 21845 43690 21845
21845 21845 21845 21845 21845 43690 43690 43690 43690 43690 21845 21845 21845 21845 21845
43690 21845 21845 21845 21845 21845 43690 43690 43690 43690 43690 21845 21845 21845 21845
21845 43690 21845 21845 21845 43690 21845 43690 43690 43690 21845 43690 21845 21845 21845
43690 21845 43690 21845 21845 21845 43690 21845 43690 43690 43690 21845 43690 21845 21845
21845 43690 21845 43690 21845 43690 21845 43690 21845 43690 21845 43690 21845 43690 21845
43690 21845 43690 21845 43690 21845 43690 21845 43690 21845 43690 21845 43690 21845 43690
21845 43690 21845 43690 21845 43690 21845 43690 21845 43690 21845 43690 21845 43690 21845
43690 21845 43690 21845 43690 21845 43690 21845 43690 21845 43690 21845 43690 21845 43690
43690 43690 43690 43690 43690 21845 21845 21845 21845 21845 43690 43690 43690 43690 43690
21845 43690 43690 43690 43690 43690 21845 21845 21845 21845 21845 43690 43690 43690 43690
43690 21845 43690 43690 43690 21845 43690 21845 21845 21845 43690 21845 43690 43690 43690
21845 43690 21845 43690 43690 43690 21845 43690 21845 21845 21845 43690 21845 43690 43690
43690 21845 43690 21845 43690 21845 43690 21845 43690 21845 43690 21845 43690 21845 43690
21845 43690 21845 43690 21845 43690 21845 43690 21845 43690 21845 43690 21845 43690 21845
43690 21845 43690 21845 43690 21845 43690 21845 43690 21845 43690 21845 43690 21845 43690
21845 43690 21845 43690 21845 43690 21845 43690 21845 43690 21845 43690 21845 43690 21845
21845 21845 21845 21845 21845 43690 43690 43690 43690 43690 21845 21845 21845 21845 21845
43690 21845 21845 21845 21845 21845 43690 43690 43690 43690 43690 21845 21845 21845 21845
21845 43690 21845 21845 21845 43690 21845 43690 43690 43690 21845 43690 21845 21845 21845
43690 21845 43690 21845 21845 21845 43690 21845 43690 43690 43690 21845 43690 21845 21845
21845 43690 21845 43690 21845 43690 21845 43690 21845 43690 21845 43690 21845 43690 21845
43690 21845 43690 21845 43690 21845 43690 21845 43690 21845 43690 21845 43690 21845 43690
21845 43690 21845 43690 21845 43690 21845 43690 21845 43690 21845 43690 21845 43690 21845
43690 21845 43690 21845 43690 21845 43690 21845 43690 21845 43690 21845 43690 21845 43690
43690 43690 43690 43690 43690 21845 21845 21845 21845 21845 0 0 0 0 0
21845 43690 43690 43690 43690 43690 21845 21845 21845 21845 0 0 0 0 0
43690 21845 43690 43690 43690 21845 43690 21845 21845 21845 0 0 0 0 0
21845 43690 21845 43690 43690 43690 21845 43690 21845 21845 0 0 0 0 0
43690 21845 43690 21845 43690 21845 43690 21845 43690 21845 0 0 0 0 0
21845 43690 21845 43690 21845 43690 21845 43690 21845 43690 0 0 0 0 0
43690 21845 43690 21845 43690 21845 43690 21845 43690 21845 0 0 0 0 0
21845 43690 21845 43690 21845 43690 21845 43690 21845 43690 0 0 0 0 0
21845 21845 21845 21845 21845 0 0 0 0 0 0 0 0 0 0
43690 21845 21845 21845 21845 0 0 0 0 0 0 0 0 0 0
21845 43690 21845 21845 21845 0 0 0 0 0 0 0 0 0 0
43690 21845 43690 21845 21845 0 0 0 0 0 0 0 0 0 0
21845 43690 21845 43690 21845 0 0 0 0 0 0 0 0 0 0
43690 21845 43690 21845 43690 0 0 0 0 0 0 0 0 0 0
21845 43690 21845 43690 21845 0 0 0 0 0 0 0 0 0 0
43690 21845 43690 21845 43690 0 0 0 0 0 0 0 0 0 0
