0 0 0 0 0 0 0 0 0 0 0 0 0 0 0
0 0 0 0 0 0 0 0 0 0 257 0 0 0 0
0 0 0 0 0 0 0 0 0 0 514 257 0 0 0
0 0 0 0 0 0 0 0 0 0 771 514 257 0 0
0 0 0 0 0 0 0 0 0 0 1028 771 514 257 0
0 0 0 0 0 0 0 0 0 0 1285 1028 771 514 257
0 0 0 0 0 0 0 0 0 0 1542 1285 1028 771 514
0 0 0 0 0 0 0 0 0 0 1799 1542 1285 1028 771
0 0 0 0 0 0 0 0 0 0 2056 1799 1542 1285 1028
0 0 0 0 0 257 0 0 0 0 2313 2056 1799 1542 1285
0 0 0 0 0 514 257 0 0 0 2570 2313 2056 1799 1542
0 0 0 0 0 771 514 257 0 0 2827 2570 2313 2056 1799
0 0 0 0 0 1028 771 514 257 0 3084 2827 2570 2313 2056
0 0 0 0 0 1285 1028 771 514 257 3341 3084 2827 2570 2313
0 0 0 0 0 1542 1285 1028 771 514 3598 3341 3084 2827 2570
0 0 0 0 0 1799 1542 1285 1028 771 3855 3598 3341 3084 2827
0 0 0 0 0 2056 1799 1542 1285 1028 4112 3855 3598 3341 3084
257 0 0 0 0 2313 2056 1799 1542 1285 4369 4112 3855 3598 3341
514 257 0 0 0 2570 2313 2056 1799 1542 4626 4369 4112 3855 3598
771 514 257 0 0 2827 2570 2313 2056 1799 4883 4626 4369 4112 3855
1028 771 514 257 0 3084 2827 2570 2313 2056 5140 4883 4626 4369 4112
1285 1028 771 514 257 3341 3084 2827 2570 2313 5397 5140 4883 4626 4369
1542 1285 1028 771 514 3598 3341 3084 2827 2570 5654 5397 5140 4883 4626
1799 1542 1285 1028 771 3855 3598 3341 3084 2827 5911 5654 5397 5140 4883
2056 1799 1542 1285 1028 4112 3855 3598 3341 3084 6168 5911 5654 5397 5140
2313 2056 1799 1542 1285 4369 4112 3855 3598 3341 6425 6168 5911 5654 5397
2570 2313 2056 1799 1542 4626 4369 4112 3855 3598 6682 6425 6168 5911 5654
2827 2570 2313 2056 1799 4883 4626 4369 4112 3855 6939 6682 6425 6168 5911
3084 2827 2570 2313 2056 5140 4883 4626 4369 4112 7196 6939 6682 6425 6168
3341 3084 2827 2570 2313 5397 5140 4883 4626 4369 7453 7196 6939 6682 6425
3598 3341 3084 2827 2570 5654 5397 5140 4883 4626 7710 7453 7196 6939 6682
3855 3598 3341 3084 2827 5911 5654 5397 5140 4883 7967 7710 7453 7196 6939
4112 3855 3598 3341 3084 6168 5911 5654 5397 5140 8224 7967 7710 7453 7196
4369 4112 3855 3598 3341 6425 6168 5911 5654 5397 8481 8224 7967 7710 7453
4626 4369 4112 3855 3598 6682 6425 6168 5911 5654 8738 8481 8224 7967 7710
4883 4626 4369 4112 3855 6939 6682 6425 6168 5911 8995 8738 8481 8224 7967
5140 4883 4626 4369 4112 7196 6939 6682 6425 6168 9252 8995 8738 8481 8224
5397 5140 4883 4626 4369 7453 7196 6939 6682 6425 9509 9252 8995 8738 8481
5654 5397 5140 4883 4626 7710 7453 7196 6939 6682 9766 9509 9252 8995 8738
5911 5654 5397 5140 4883 7967 7710 7453 7196 6939 10023 9766 9509 9252 8995
6168 5911 5654 5397 5140 8224 7967 7710 7453 7196 10280 10023 9766 9509 9252
6425 6168 5911 5654 5397 8481 8224 7967 7710 7453 10537 10280 10023 9766 9509
6682 6425 6168 5911 5654 8738 8481 8224 7967 7710 10794 10537 10280 10023 9766
6939 6682 6425 6168 5911 8995 8738 8481 8224 7967 11051 10794 10537 10280 10023
7196 6939 6682 6425 6168 9252 8995 8738 8481 8224 11308 11051 10794 10537 10280
7453 7196 6939 6682 6425 9509 9252 8995 8738 8481 11565 11308 11051 10794 10537
7710 7453 7196 6939 6682 9766 9509 9252 8995 8738 11822 11565 11308 11051 10794
7967 7710 7453 7196 6939 10023 9766 9509 9252 8995 12079 11822 11565 11308 11051
8224 7967 7710 7453 7196 10280 10023 9766 9509 9252 12336 12079 11822 11565 11308
8481 8224 7967 7710 7453 10537 10280 10023 9766 9509 12593 12336 12079 11822 11565
8738 8481 8224 7967 7710 10794 10537 10280 10023 9766 12850 12593 12336 12079 11822
8995 8738 8481 8224 7967 11051 10794 10537 10280 10023 13107 12850 12593 12336 12079
9252 8995 8738 8481 8224 11308 11051 10794 10537 10280 13364 13107 12850 12593 12336
9509 9252 8995 8738 8481 11565 11308 11051 10794 10537 13621 13364 13107 12850 12593
9766 9509 9252 8995 8738 11822 11565 11308 11051 10794 13878 13621 13364 13107 12850
10023 9766 9509 9252 8995 12079 11822 11565 11308 11051 14135 13878 13621 13364 13107
10280 10023 9766 9509 9252 12336 12079 11822 11565 11308 14392 14135 13878 13621 13364
10537 10280 10023 9766 9509 12593 12336 12079 11822 11565 14649 14392 14135 13878 13621
10794 10537 10280 10023 9766 12850 12593 12336 12079 11822 14906 14649 14392 14135 13878
11051 10794 10537 10280 10023 13107 12850 12593 12336 12079 15163 14906 14649 14392 14135
11308 11051 10794 10537 10280 13364 13107 12850 12593 12336 15420 15163 14906 14649 14392
11565 11308 11051 10794 10537 13621 13364 13107 12850 12593 15677 15420 15163 14906 14649
11822 11565 11308 11051 10794 13878 13621 13364 13107 12850 15934 15677 15420 15163 14906
12079 11822 11565 11308 11051 14135 13878 13621 13364 13107 16191 15934 15677 15420 15163
12336 12079 11822 11565 11308 14392 14135 13878 13621 13364 32896 16191 15934 15677 15420
12593 12336 12079 11822 11565 14649 14392 14135 13878 13621 32896 32896 16191 15934 15677
12850 12593 12336 12079 11822 14906 14649 14392 14135 13878 32896 32896 32896 16191 15934
13107 12850 12593 12336 12079 15163 14906 14649 14392 14135 32896 32896 32896 32896 16191
13364 13107 12850 12593 12336 15420 15163 14906 14649 14392 32896 32896 32896 32896 32896
13621 13364 13107 12850 12593 15677 15420 15163 14906 14649 32896 32896 32896 32896 32896
13878 13621 13364 13107 12850 15934 15677 15420 15163 14906 32896 32896 32896 32896 32896
14135 13878 13621 13364 13107 16191 15934 15677 15420 15163 32896 32896 32896 32896 32896
14392 14135 13878 13621 13364 32896 16191 15934 15677 15420 32896 32896 32896 32896 32896
14649 14392 14135 13878 13621 32896 32896 16191 15934 15677 32896 32896 32896 32896 32896
14906 14649 14392 14135 13878 32896 32896 32896 16191 15934 32896 32896 32896 32896 32896
15163 14906 14649 14392 14135 32896 32896 32896 32896 16191 32896 32896 32896 32896 32896
15420 15163 14906 14649 14392 32896 32896 32896 32896 32896 32896 32896 32896 32896 32896
15677 15420 15163 14906 14649 32896 32896 32896 32896 32896 32896 32896 32896 32896 32896
15934 15677 15420 15163 14906 32896 32896 32896 32896 32896 32896 32896 32896 32896 32896
16191 15934 15677 15420 15163 32896 32896 32896 32896 32896 32896 32896 32896 32896 32896
32896 16191 15934 15677 15420 32896 32896 32896 32896 32896 32896 32896 32896 32896 32896
32896 32896 16191 15934 15677 32896 32896 32896 32896 32896 32896 32896 32896 32896 32896
32896 32896 32896 16191 15934 32896 32896 32896 32896 32896 32896 32896 32896 32896 32896
32896 32896 32896 32896 16191 32896 32896 32896 32896 32896 32896 32896 32896 32896 32896
32896 32896 32896 32896 32896 32896 32896 32896 32896 32896 32896 32896 32896 32896 32896
32896 32896 32896 32896 32896 32896 32896 32896 32896 32896 32896 32896 32896 32896 32896
32896 32896 32896 32896 32896 32896 32896 32896 32896 32896 32896 32896 32896 32896 32896
32896 32896 32896 32896 32896 32896 32896 32896 32896 32896 32896 32896 32896 32896 32896
32896 32896 32896 32896 32896 32896 32896 32896 32896 32896 32896 32896 32896 32896 32896
32896 32896 32896 32896 32896 32896 32896 32896 32896 32896 32896 32896 32896 32896 32896
32896 32896 32896 32896 32896 32896 32896 32896 32896 32896 32896 32896 32896 32896 32896
32896 32896 32896 32896 32896 32896 32896 32896 32896 32896 32896 32896 32896 32896 32896
32896 32896 32896 32896 32896 32896 32896 32896 32896 32896 32896 32896 32896 32896 32896
32896 32896 32896 32896 32896 32896 32896 32896 32896 32896 32896 32896 32896 32896 32896
32896 32896 32896 32896 32896 32896 32896 32896 32896 32896 32896 32896 32896 32896 32896
32896 32896 32896 32896 32896 32896 32896 32896 32896 32896 32896 32896 32896 32896 32896
32896 32896 32896 32896 32896 32896 32896 32896 32896 32896 32896 32896 32896 32896 32896
32896 32896 32896 32896 32896 32896 32896 32896 32896 32896 32896 32896 32896 32896 32896
32896 32896 32896 32896 32896 32896 32896 32896 32896 32896 32896 32896 32896 32896 32896
32896 32896 32896 32896 32896 32896 32896 32896 32896 32896 32896 32896 32896 32896 32896
32896 32896 32896 32896 32896 32896 32896 32896 32896 32896 32896 32896 32896 32896 32896
32896 32896 32896 32896 32896 32896 32896 32896 32896 32896 32896 32896 32896 32896 32896
32896 32896 32896 32896 32896 32896 32896 32896 32896 32896 32896 32896 32896 32896 32896
32896 32896 32896 32896 32896 32896 32896 32896 32896 32896 32896 32896 32896 32896 32896
32896 32896 32896 32896 32896 32896 32896 32896 32896 32896 32896 32896 32896 32896 32896
32896 32896 32896 32896 32896 32896 32896 32896 32896 32896 32896 32896 32896 32896 32896
32896 32896 32896 32896 32896 32896 32896 32896 32896 32896 32896 32896 32896 32896 32896
32896 32896 32896 32896 32896 32896 32896 32896 32896 32896 32896 32896 32896 32896 32896
32896 32896 32896 32896 32896 32896 32896 32896 32896 32896 32896 32896 32896 32896 32896
32896 32896 32896 32896 32896 32896 32896 32896 32896 32896 32896 32896 32896 32896 32896
32896 32896 32896 32896 32896 32896 32896 32896 32896 32896 32896 32896 32896 32896 32896
32896 32896 32896 32896 32896 32896 32896 32896 32896 32896 32896 32896 32896 32896 32896
32896 32896 32896 32896 32896 32896 32896 32896 32896 32896 32896 32896 32896 32896 32896
32896 32896 32896 32896 32896 32896 32896 32896 32896 32896 32896 32896 32896 32896 32896
32896 32896 32896 32896 32896 32896 32896 32896 32896 32896 32896 32896 32896 32896 32896
32896 32896 32896 32896 32896 32896 32896 32896 32896 32896 32896 32896 32896 32896 32896
32896 32896 32896 32896 32896 32896 32896 32896 32896 32896 32896 32896 32896 32896 32896
32896 32896 32896 32896 32896 32896 32896 32896 32896 32896 32896 32896 32896 32896 32896
32896 32896 32896 32896 32896 32896 32896 32896 32896 32896 32896 32896 32896 32896 32896
32896 32896 32896 32896 32896 32896 32896 32896 32896 32896 32896 32896 32896 32896 32896
32896 32896 32896 32896 32896 32896 32896 32896 32896 32896 32896 32896 32896 32896 32896
32896 32896 32896 32896 32896 32896 32896 32896 32896 32896 32896 32896 32896 32896 32896
32896 32896 32896 32896 32896 32896 32896 32896 32896 32896 32896 32896 32896 32896 32896
32896 32896 32896 32896 32896 32896 32896 32896 32896 32896 32896 32896 32896 32896 32896
32896 32896 32896 32896 32896 32896 32896 32896 32896 32896 32896 32896 32896 32896 32896
32896 32896 32896 32896 32896 32896 32896 32896 32896 32896 32896 32896 32896 32896 32896
32896 32896 32896 32896 32896 32896 32896 32896 32896 32896 32896 32896 32896 32896 32896
32896 32896 32896 32896 32896 32896 32896 32896 32896 32896 32896 32896 32896 32896 32896
32896 32896 32896 32896 32896 32896 32896 32896 32896 32896 43690 32896 32896 32896 32896
32896 32896 32896 32896 32896 32896 32896 32896 32896 32896 21845 43690 32896 32896 32896
32896 32896 32896 32896 32896 32896 32896 32896 32896 32896 43690 21845 43690 32896 32896
32896 32896 32896 32896 32896 32896 32896 32896 32896 32896 21845 43690 21845 43690 32896
32896 32896 32896 32896 32896 32896 32896 32896 32896 32896 43690 21845 43690 21845 43690
32896 32896 32896 32896 32896 32896 32896 32896 32896 32896 21845 43690 21845 43690 21845
32896 32896 32896 32896 32896 32896 32896 32896 32896 32896 43690 21845 43690 21845 43690
32896 32896 32896 32896 32896 32896 32896 32896 32896 32896 21845 43690 21845 43690 21845
32896 32896 32896 32896 32896 43690 32896 32896 32896 32896 21845 21845 43690 21845 43690
32896 32896 32896 32896 32896 21845 43690 32896 32896 32896 43690 21845 21845 43690 21845
32896 32896 32896 32896 32896 43690 21845 43690 32896 32896 21845 43690 21845 21845 43690
32896 32896 32896 32896 32896 21845 43690 21845 43690 32896 43690 21845 43690 21845 21845
32896 32896 32896 32896 32896 43690 21845 43690 21845 43690 21845 43690 21845 43690 21845
32896 32896 32896 32896 32896 21845 43690 21845 43690 21845 43690 21845 43690 21845 43690
32896 32896 32896 32896 32896 43690 21845 43690 21845 43690 21845 43690 21845 43690 21845
32896 32896 32896 32896 32896 21845 43690 21845 43690 21845 43690 21845 43690 21845 43690
43690 32896 32896 32896 32896 21845 21845 43690 21845 43690 43690 43690 21845 43690 21845
21845 43690 32896 32896 32896 43690 21845 21845 43690 21845 21845 43690 43690 21845 43690
43690 21845 43690 32896 32896 21845 43690 21845 21845 43690 43690 21845 43690 43690 21845
21845 43690 21845 43690 32896 43690 21845 43690 21845 21845 21845 43690 21845 43690 43690
43690 21845 43690 21845 43690 21845 43690 21845 43690 21845 43690 21845 43690 21845 43690
21845 43690 21845 43690 21845 43690 21845 43690 21845 43690 21845 43690 21845 43690 21845
43690 21845 43690 21845 43690 21845 43690 21845 43690 21845 43690 21845 43690 21845 43690
21845 43690 21845 43690 21845 43690 21845 43690 21845 43690 21845 43690 21845 43690 21845
21845 21845 43690 21845 43690 43690 43690 21845 43690 21845 21845 21845 43690 21845 43690
43690 21845 21845 43690 21845 21845 43690 43690 21845 43690 43690 21845 21845 43690 21845
21845 43690 21845 21845 43690 43690 21845 43690 43690 21845 21845 43690 21845 21845 43690
43690 21845 43690 21845 21845 21845 43690 21845 43690 43690 43690 21845 43690 21845 21845
21845 43690 21845 43690 21845 43690 21845 43690 21845 43690 21845 43690 21845 43690 21845
43690 21845 43690 21845 43690 21845 43690 21845 43690 21845 43690 21845 43690 21845 43690
21845 43690 21845 43690 21845 43690 21845 43690 21845 43690 21845 43690 21845 43690 21845
43690 21845 43690 21845 43690 21845 43690 21845 43690 21845 43690 21845 43690 21845 43690
43690 43690 21845 43690 21845 21845 21845 43690 21845 43690 43690 43690 21845 43690 21845
21845 43690 43690 21845 43690 43690 21845 21845 43690 21845 21845 43690 43690 21845 43690
43690 21845 43690 43690 21845 21845 43690 21845 21845 43690 43690 21845 43690 43690 21845
21845 43690 21845 43690 43690 43690 21845 43690 21845 21845 21845 43690 21845 43690 43690
43690 21845 43690 21845 43690 21845 43690 21845 43690 21845 43690 21845 43690 21845 43690
21845 43690 21845 43690 21845 43690 21845 43690 21845 43690 21845 43690 21845 43690 21845
43690 21845 43690 21845 43690 21845 43690 21845 43690 21845 43690 21845 43690 21845 43690
21845 43690 21845 43690 21845 43690 21845 43690 21845 43690 21845 43690 21845 43690 21845
21845 21845 43690 21845 43690 43690 43690 21845 43690 21845 21845 21845 43690 21845 43690
43690 21845 21845 43690 21845 21845 43690 43690 21845 43690 43690 21845 21845 43690 21845
21845 43690 21845 21845 43690 43690 21845 43690 43690 21845 21845 43690 21845 21845 43690
43690 21845 43690 21845 21845 21845 43690 21845 43690 43690 43690 21845 43690 21845 21845
21845 43690 21845 43690 21845 43690 21845 43690 21845 43690 21845 43690 21845 43690 21845
43690 21845 43690 21845 43690 21845 43690 21845 43690 21845 43690 21845 43690 21845 43690
21845 43690 21845 43690 21845 43690 21845 43690 21845 43690 21845 43690 21845 43690 21845
43690 21845 43690 21845 43690 21845 43690 21845 43690 21845 43690 21845 43690 21845 43690
43690 43690 21845 43690 21845 21845 21845 43690 21845 43690 43690 43690 21845 43690 21845
21845 43690 43690 21845 43690 43690 21845 21845 43690 21845 21845 43690 43690 21845 43690
43690 21845 43690 43690 21845 21845 43690 21845 21845 43690 43690 21845 43690 43690 21845
21845 43690 21845 43690 43690 43690 21845 43690 21845 21845 21845 43690 21845 43690 43690
43690 21845 43690 21845 43690 21845 43690 21845 43690 21845 43690 21845 43690 21845 43690
21845 43690 21845 43690 21845 43690 21845 43690 21845 43690 21845 43690 21845 43690 21845
43690 21845 43690 21845 43690 21845 43690 21845 43690 21845 43690 21845 43690 21845 43690
21845 43690 21845 43690 21845 43690 21845 43690 21845 43690 21845 43690 21845 43690 21845
21845 21845 43690 21845 43690 43690 43690 21845 43690 21845 21845 21845 43690 21845 43690
43690 21845 21845 43690 21845 21845 43690 43690 21845 43690 43690 21845 21845 43690 21845
21845 43690 21845 21845 43690 43690 21845 43690 43690 21845 21845 43690 21845 21845 43690
43690 21845 43690 21845 21845 21845 43690 21845 43690 43690 43690 21845 43690 21845 21845
21845 43690 21845 43690 21845 43690 21845 43690 21845 43690 21845 43690 21845 43690 21845
43690 21845 43690 21845 43690 21845 43690 21845 43690 21845 43690 21845 43690 21845 43690
21845 43690 21845 43690 21845 43690 21845 43690 21845 43690 21845 43690 21845 43690 21845
43690 21845 43690 21845 43690 21845 43690 21845 43690 21845 43690 21845 43690 21845 43690
