0 0 0 0 0 0 0 0 0 0 0 0 0 0 0 0 0 0 0 0 0 0 0 0 0
0 0 0 0 0 0 0 0 0 0 0 0 0 0 0 0 0 0 0 0 1 0 0 0 0
0 0 0 0 0 0 0 0 0 0 0 0 0 0 0 0 0 0 0 0 2 1 0 0 0
0 0 0 0 0 0 0 0 0 0 0 0 0 0 0 0 0 0 0 0 3 2 1 0 0
0 0 0 0 0 0 0 0 0 0 0 0 0 0 0 0 0 0 0 0 4 3 2 1 0
0 0 0 0 0 0 0 0 0 0 0 0 0 0 0 0 0 0 0 0 5 4 3 2 1
0 0 0 0 0 0 0 0 0 0 0 0 0 0 0 0 0 0 0 0 6 5 4 3 2
0 0 0 0 0 0 0 0 0 0 0 0 0 0 0 0 0 0 0 0 7 6 5 4 3
0 0 0 0 0 0 0 0 0 0 0 0 0 0 0 0 0 0 0 0 8 7 6 5 4
0 0 0 0 0 0 0 0 0 0 0 0 0 0 0 0 0 0 0 0 9 8 7 6 5
0 0 0 0 0 0 0 0 0 0 0 0 0 0 0 0 0 0 0 0 10 9 8 7 6
0 0 0 0 0 0 0 0 0 0 0 0 0 0 0 0 0 0 0 0 11 10 9 8 7
0 0 0 0 0 0 0 0 0 0 0 0 0 0 0 0 0 0 0 0 12 11 10 9 8
0 0 0 0 0 0 0 0 0 0 0 0 0 0 0 0 0 0 0 0 13 12 11 10 9
0 0 0 0 0 0 0 0 0 0 0 0 0 0 0 0 0 0 0 0 14 13 12 11 10
0 0 0 0 0 0 0 0 0 0 0 0 0 0 0 0 0 0 0 0 15 14 13 12 11
0 0 0 0 0 0 0 0 0 0 0 0 0 0 0 0 0 0 0 0 16 0 0 0 0
0 0 0 0 0 0 0 0 0 0 0 0 0 0 0 1 0 0 0 0 17 16 0 0 0
0 0 0 0 0 0 0 0 0 0 0 0 0 0 0 2 1 0 0 0 18 17 16 0 0
0 0 0 0 0 0 0 0 0 0 0 0 0 0 0 3 2 1 0 0 19 18 17 16 0
0 0 0 0 0 0 0 0 0 0 0 0 0 0 0 4 3 2 1 0 20 19 18 17 16
0 0 0 0 0 0 0 0 0 0 0 0 0 0 0 5 4 3 2 1 21 20 19 18 17
0 0 0 0 0 0 0 0 0 0 0 0 0 0 0 6 5 4 3 2 22 21 20 19 18
0 0 0 0 0 0 0 0 0 0 0 0 0 0 0 7 6 5 4 3 23 22 21 20 19
0 0 0 0 0 0 0 0 0 0 0 0 0 0 0 8 7 6 5 4 24 23 22 21 20
0 0 0 0 0 0 0 0 0 0 0 0 0 0 0 9 8 7 6 5 25 24 23 22 21
0 0 0 0 0 0 0 0 0 0 0 0 0 0 0 10 9 8 7 6 26 25 24 23 22
0 0 0 0 0 0 0 0 0 0 0 0 0 0 0 11 10 9 8 7 27 26 25 24 23
0 0 0 0 0 0 0 0 0 0 0 0 0 0 0 12 11 10 9 8 28 27 26 25 24
0 0 0 0 0 0 0 0 0 0 0 0 0 0 0 13 12 11 10 9 29 28 27 26 25
0 0 0 0 0 0 0 0 0 0 0 0 0 0 0 14 13 12 11 10 30 29 28 27 26
0 0 0 0 0 0 0 0 0 0 0 0 0 0 0 15 14 13 12 11 31 30 29 28 27
0 0 0 0 0 0 0 0 0 0 0 0 0 0 0 16 0 0 0 0 32 0 0 0 0
0 0 0 0 0 0 0 0 0 0 1 0 0 0 0 17 16 0 0 0 33 32 0 0 0
0 0 0 0 0 0 0 0 0 0 2 1 0 0 0 18 17 16 0 0 34 33 32 0 0
0 0 0 0 0 0 0 0 0 0 3 2 1 0 0 19 18 17 16 0 35 34 33 32 0
0 0 0 0 0 0 0 0 0 0 4 3 2 1 0 20 19 18 17 16 36 35 34 33 32
0 0 0 0 0 0 0 0 0 0 5 4 3 2 1 21 20 19 18 17 37 36 35 34 33
0 0 0 0 0 0 0 0 0 0 6 5 4 3 2 22 21 20 19 18 38 37 36 35 34
0 0 0 0 0 0 0 0 0 0 7 6 5 4 3 23 22 21 20 19 39 38 37 36 35
0 0 0 0 0 0 0 0 0 0 8 7 6 5 4 24 23 22 21 20 40 39 38 37 36
0 0 0 0 0 0 0 0 0 0 9 8 7 6 5 25 24 23 22 21 41 40 39 38 37
0 0 0 0 0 0 0 0 0 0 10 9 8 7 6 26 25 24 23 22 42 41 40 39 38
0 0 0 0 0 0 0 0 0 0 11 10 9 8 7 27 26 25 24 23 43 42 41 40 39
0 0 0 0 0 0 0 0 0 0 12 11 10 9 8 28 27 26 25 24 44 43 42 41 40
0 0 0 0 0 0 0 0 0 0 13 12 11 10 9 29 28 27 26 25 45 44 43 42 41
0 0 0 0 0 0 0 0 0 0 14 13 12 11 10 30 29 28 27 26 46 45 44 43 42
0 0 0 0 0 0 0 0 0 0 15 14 13 12 11 31 30 29 28 27 47 46 45 44 43
0 0 0 0 0 0 0 0 0 0 16 0 0 0 0 32 0 0 0 0 48 0 0 0 0
0 0 0 0 0 1 0 0 0 0 17 16 0 0 0 33 32 0 0 0 49 48 0 0 0
0 0 0 0 0 2 1 0 0 0 18 17 16 0 0 34 33 32 0 0 50 49 48 0 0
0 0 0 0 0 3 2 1 0 0 19 18 17 16 0 35 34 33 32 0 51 50 49 48 0
0 0 0 0 0 4 3 2 1 0 20 19 18 17 16 36 35 34 33 32 52 51 50 49 48
0 0 0 0 0 5 4 3 2 1 21 20 19 18 17 37 36 35 34 33 53 52 51 50 49
0 0 0 0 0 6 5 4 3 2 22 21 20 19 18 38 37 36 35 34 54 53 52 51 50
0 0 0 0 0 7 6 5 4 3 23 22 21 20 19 39 38 37 36 35 55 54 53 52 51
0 0 0 0 0 8 7 6 5 4 24 23 22 21 20 40 39 38 37 36 56 55 54 53 52
0 0 0 0 0 9 8 7 6 5 25 24 23 22 21 41 40 39 38 37 57 56 55 54 53
0 0 0 0 0 10 9 8 7 6 26 25 24 23 22 42 41 40 39 38 58 57 56 55 54
0 0 0 0 0 11 10 9 8 7 27 26 25 24 23 43 42 41 40 39 59 58 57 56 55
0 0 0 0 0 12 11 10 9 8 28 27 26 25 24 44 43 42 41 40 60 59 58 57 56
0 0 0 0 0 13 12 11 10 9 29 28 27 26 25 45 44 43 42 41 61 60 59 58 57
0 0 0 0 0 14 13 12 11 10 30 29 28 27 26 46 45 44 43 42 62 61 60 59 58
0 0 0 0 0 15 14 13 12 11 31 30 29 28 27 47 46 45 44 43 63 62 61 60 59
0 0 0 0 0 16 0 0 0 0 32 0 0 0 0 48 0 0 0 0 0 0 0 0 0
1 0 0 0 0 17 16 0 0 0 33 32 0 0 0 49 48 0 0 0 0 0 0 0 0
2 1 0 0 0 18 17 16 0 0 34 33 32 0 0 50 49 48 0 0 0 0 0 0 0
3 2 1 0 0 19 18 17 16 0 35 34 33 32 0 51 50 49 48 0 0 0 0 0 0
4 3 2 1 0 20 19 18 17 16 36 35 34 33 32 52 51 50 49 48 0 0 0 0 0
5 4 3 2 1 21 20 19 18 17 37 36 35 34 33 53 52 51 50 49 0 0 0 0 0
6 5 4 3 2 22 21 20 19 18 38 37 36 35 34 54 53 52 51 50 0 0 0 0 0
7 6 5 4 3 23 22 21 20 19 39 38 37 36 35 55 54 53 52 51 0 0 0 0 0
8 7 6 5 4 24 23 22 21 20 40 39 38 37 36 56 55 54 53 52 0 0 0 0 0
9 8 7 6 5 25 24 23 22 21 41 40 39 38 37 57 56 55 54 53 0 0 0 0 0
10 9 8 7 6 26 25 24 23 22 42 41 40 39 38 58 57 56 55 54 0 0 0 0 0
11 10 9 8 7 27 26 25 24 23 43 42 41 40 39 59 58 57 56 55 0 0 0 0 0
12 11 10 9 8 28 27 26 25 24 44 43 42 41 40 60 59 58 57 56 0 0 0 0 0
13 12 11 10 9 29 28 27 26 25 45 44 43 42 41 61 60 59 58 57 0 0 0 0 0
14 13 12 11 10 30 29 28 27 26 46 45 44 43 42 62 61 60 59 58 0 0 0 0 0
15 14 13 12 11 31 30 29 28 27 47 46 45 44 43 63 62 61 60 59 0 0 0 0 0
16 0 0 0 0 32 0 0 0 0 48 0 0 0 0 0 0 0 0 0 0 0 0 0 0
17 16 0 0 0 33 32 0 0 0 49 48 0 0 0 0 0 0 0 0 0 0 0 0 0
18 17 16 0 0 34 33 32 0 0 50 49 48 0 0 0 0 0 0 0 0 0 0 0 0
19 18 17 16 0 35 34 33 32 0 51 50 49 48 0 0 0 0 0 0 0 0 0 0 0
20 19 18 17 16 36 35 34 33 32 52 51 50 49 48 0 0 0 0 0 0 0 0 0 0
21 20 19 18 17 37 36 35 34 33 53 52 51 50 49 0 0 0 0 0 0 0 0 0 0
22 21 20 19 18 38 37 36 35 34 54 53 52 51 50 0 0 0 0 0 0 0 0 0 0
23 22 21 20 19 39 38 37 36 35 55 54 53 52 51 0 0 0 0 0 0 0 0 0 0
24 23 22 21 20 40 39 38 37 36 56 55 54 53 52 0 0 0 0 0 0 0 0 0 0
25 24 23 22 21 41 40 39 38 37 57 56 55 54 53 0 0 0 0 0 0 0 0 0 0
26 25 24 23 22 42 41 40 39 38 58 57 56 55 54 0 0 0 0 0 0 0 0 0 0
27 26 25 24 23 43 42 41 40 39 59 58 57 56 55 0 0 0 0 0 0 0 0 0 0
28 27 26 25 24 44 43 42 41 40 60 59 58 57 56 0 0 0 0 0 0 0 0 0 0
29 28 27 26 25 45 44 43 42 41 61 60 59 58 57 0 0 0 0 0 0 0 0 0 0
30 29 28 27 26 46 45 44 43 42 62 61 60 59 58 0 0 0 0 0 0 0 0 0 0
31 30 29 28 27 47 46 45 44 43 63 62 61 60 59 0 0 0 0 0 0 0 0 0 0
32 0 0 0 0 48 0 0 0 0 0 0 0 0 0 0 0 0 0 0 0 0 0 0 0
33 32 0 0 0 49 48 0 0 0 0 0 0 0 0 0 0 0 0 0 0 0 0 0 0
34 33 32 0 0 50 49 48 0 0 0 0 0 0 0 0 0 0 0 0 0 0 0 0 0
35 34 33 32 0 51 50 49 48 0 0 0 0 0 0 0 0 0 0 0 0 0 0 0 0
36 35 34 33 32 52 51 50 49 48 0 0 0 0 0 0 0 0 0 0 0 0 0 0 0
37 36 35 34 33 53 52 51 50 49 0 0 0 0 0 0 0 0 0 0 0 0 0 0 0
38 37 36 35 34 54 53 52 51 50 0 0 0 0 0 0 0 0 0 0 0 0 0 0 0
39 38 37 36 35 55 54 53 52 51 0 0 0 0 0 0 0 0 0 0 0 0 0 0 0
40 39 38 37 36 56 55 54 53 52 0 0 0 0 0 0 0 0 0 0 0 0 0 0 0
41 40 39 38 37 57 56 55 54 53 0 0 0 0 0 0 0 0 0 0 0 0 0 0 0
42 41 40 39 38 58 57 56 55 54 0 0 0 0 0 0 0 0 0 0 0 0 0 0 0
43 42 41 40 39 59 58 57 56 55 0 0 0 0 0 0 0 0 0 0 0 0 0 0 0
44 43 42 41 40 60 59 58 57 56 0 0 0 0 0 0 0 0 0 0 0 0 0 0 0
45 44 43 42 41 61 60 59 58 57 0 0 0 0 0 0 0 0 0 0 0 0 0 0 0
46 45 44 43 42 62 61 60 59 58 0 0 0 0 0 0 0 0 0 0 0 0 0 0 0
47 46 45 44 43 63 62 61 60 59 0 0 0 0 0 0 0 0 0 0 0 0 0 0 0
48 0 0 0 0 0 0 0 0 0 0 0 0 0 0 0 0 0 0 0 0 0 0 0 0
49 48 0 0 0 0 0 0 0 0 0 0 0 0 0 0 0 0 0 0 0 0 0 0 0
50 49 48 0 0 0 0 0 0 0 0 0 0 0 0 0 0 0 0 0 0 0 0 0 0
51 50 49 48 0 0 0 0 0 0 0 0 0 0 0 0 0 0 0 0 0 0 0 0 0
52 51 50 49 48 0 0 0 0 0 0 0 0 0 0 0 0 0 0 0 0 0 0 0 0
53 52 51 50 49 0 0 0 0 0 0 0 0 0 0 0 0 0 0 0 0 0 0 0 0
54 53 52 51 50 0 0 0 0 0 0 0 0 0 0 0 0 0 0 0 0 0 0 0 0
55 54 53 52 51 0 0 0 0 0 0 0 0 0 0 0 0 0 0 0 0 0 0 0 0
56 55 54 53 52 0 0 0 0 0 0 0 0 0 0 0 0 0 0 0 0 0 0 0 0
57 56 55 54 53 0 0 0 0 0 0 0 0 0 0 0 0 0 0 0 0 0 0 0 0
58 57 56 55 54 0 0 0 0 0 0 0 0 0 0 0 0 0 0 0 0 0 0 0 0
59 58 57 56 55 0 0 0 0 0 0 0 0 0 0 0 0 0 0 0 0 0 0 0 0
60 59 58 57 56 0 0 0 0 0 0 0 0 0 0 0 0 0 0 0 0 0 0 0 0
61 60 59 58 57 0 0 0 0 0 0 0 0 0 0 0 0 0 0 0 0 0 0 0 0
62 61 60 59 58 0 0 0 0 0 0 0 0 0 0 0 0 0 0 0 0 0 0 0 0
63 62 61 60 59 0 0 0 0 0 0 0 0 0 0 0 0 0 0 0 0 0 0 0 0
0 0 0 0 0 0 0 0 0 0 0 0 0 0 0 0 0 0 0 0 128 0 0 0 0
0 0 0 0 0 0 0 0 0 0 0 0 0 0 0 0 0 0 0 0 128 128 0 0 0
0 0 0 0 0 0 0 0 0 0 0 0 0 0 0 0 0 0 0 0 128 128 128 0 0
0 0 0 0 0 0 0 0 0 0 0 0 0 0 0 0 0 0 0 0 128 128 128 128 0
0 0 0 0 0 0 0 0 0 0 0 0 0 0 0 0 0 0 0 0 128 128 128 128 128
0 0 0 0 0 0 0 0 0 0 0 0 0 0 0 0 0 0 0 0 128 128 128 128 128
0 0 0 0 0 0 0 0 0 0 0 0 0 0 0 0 0 0 0 0 128 128 128 128 128
0 0 0 0 0 0 0 0 0 0 0 0 0 0 0 0 0 0 0 0 128 128 128 128 128
0 0 0 0 0 0 0 0 0 0 0 0 0 0 0 0 0 0 0 0 128 128 128 128 128
0 0 0 0 0 0 0 0 0 0 0 0 0 0 0 0 0 0 0 0 128 128 128 128 128
0 0 0 0 0 0 0 0 0 0 0 0 0 0 0 0 0 0 0 0 128 128 128 128 128
0 0 0 0 0 0 0 0 0 0 0 0 0 0 0 0 0 0 0 0 128 128 128 128 128
0 0 0 0 0 0 0 0 0 0 0 0 0 0 0 0 0 0 0 0 128 128 128 128 128
0 0 0 0 0 0 0 0 0 0 0 0 0 0 0 0 0 0 0 0 128 128 128 128 128
0 0 0 0 0 0 0 0 0 0 0 0 0 0 0 0 0 0 0 0 128 128 128 128 128
0 0 0 0 0 0 0 0 0 0 0 0 0 0 0 0 0 0 0 0 128 128 128 128 128
0 0 0 0 0 0 0 0 0 0 0 0 0 0 0 128 0 0 0 0 128 0 0 0 0
0 0 0 0 0 0 0 0 0 0 0 0 0 0 0 128 128 0 0 0 128 128 0 0 0
0 0 0 0 0 0 0 0 0 0 0 0 0 0 0 128 128 128 0 0 128 128 128 0 0
0 0 0 0 0 0 0 0 0 0 0 0 0 0 0 128 128 128 128 0 128 128 128 128 0
0 0 0 0 0 0 0 0 0 0 0 0 0 0 0 128 128 128 128 128 128 128 128 128 128
0 0 0 0 0 0 0 0 0 0 0 0 0 0 0 128 128 128 128 128 128 128 128 128 128
0 0 0 0 0 0 0 0 0 0 0 0 0 0 0 128 128 128 128 128 128 128 128 128 128
0 0 0 0 0 0 0 0 0 0 0 0 0 0 0 128 128 128 128 128 128 128 128 128 128
0 0 0 0 0 0 0 0 0 0 0 0 0 0 0 128 128 128 128 128 128 128 128 128 128
0 0 0 0 0 0 0 0 0 0 0 0 0 0 0 128 128 128 128 128 128 128 128 128 128
0 0 0 0 0 0 0 0 0 0 0 0 0 0 0 128 128 128 128 128 128 128 128 128 128
0 0 0 0 0 0 0 0 0 0 0 0 0 0 0 128 128 128 128 128 128 128 128 128 128
0 0 0 0 0 0 0 0 0 0 0 0 0 0 0 128 128 128 128 128 128 128 128 128 128
0 0 0 0 0 0 0 0 0 0 0 0 0 0 0 128 128 128 128 128 128 128 128 128 128
0 0 0 0 0 0 0 0 0 0 0 0 0 0 0 128 128 128 128 128 128 128 128 128 128
0 0 0 0 0 0 0 0 0 0 0 0 0 0 0 128 128 128 128 128 128 128 128 128 128
0 0 0 0 0 0 0 0 0 0 128 0 0 0 0 128 0 0 0 0 128 0 0 0 0
0 0 0 0 0 0 0 0 0 0 128 128 0 0 0 128 128 0 0 0 128 128 0 0 0
0 0 0 0 0 0 0 0 0 0 128 128 128 0 0 128 128 128 0 0 128 128 128 0 0
0 0 0 0 0 0 0 0 0 0 128 128 128 128 0 128 128 128 128 0 128 128 128 128 0
0 0 0 0 0 0 0 0 0 0 128 128 128 128 128 128 128 128 128 128 128 128 128 128 128
0 0 0 0 0 0 0 0 0 0 128 128 128 128 128 128 128 128 128 128 128 128 128 128 128
0 0 0 0 0 0 0 0 0 0 128 128 128 128 128 128 128 128 128 128 128 128 128 128 128
0 0 0 0 0 0 0 0 0 0 128 128 128 128 128 128 128 128 128 128 128 128 128 128 128
0 0 0 0 0 0 0 0 0 0 128 128 128 128 128 128 128 128 128 128 128 128 128 128 128
0 0 0 0 0 0 0 0 0 0 128 128 128 128 128 128 128 128 128 128 128 128 128 128 128
0 0 0 0 0 0 0 0 0 0 128 128 128 128 128 128 128 128 128 128 128 128 128 128 128
0 0 0 0 0 0 0 0 0 0 128 128 128 128 128 128 128 128 128 128 128 128 128 128 128
0 0 0 0 0 0 0 0 0 0 128 128 128 128 128 128 128 128 128 128 128 128 128 128 128
0 0 0 0 0 0 0 0 0 0 128 128 128 128 128 128 128 128 128 128 128 128 128 128 128
0 0 0 0 0 0 0 0 0 0 128 128 128 128 128 128 128 128 128 128 128 128 128 128 128
0 0 0 0 0 0 0 0 0 0 128 128 128 128 128 128 128 128 128 128 128 128 128 128 128
0 0 0 0 0 128 0 0 0 0 128 0 0 0 0 128 0 0 0 0 128 0 0 0 0
0 0 0 0 0 128 128 0 0 0 128 128 0 0 0 128 128 0 0 0 128 128 0 0 0
0 0 0 0 0 128 128 128 0 0 128 128 128 0 0 128 128 128 0 0 128 128 128 0 0
0 0 0 0 0 128 128 128 128 0 128 128 128 128 0 128 128 128 128 0 128 128 128 128 0
0 0 0 0 0 128 128 128 128 128 128 128 128 128 128 128 128 128 128 128 128 128 128 128 128
0 0 0 0 0 128 128 128 128 128 128 128 128 128 128 128 128 128 128 128 128 128 128 128 128
0 0 0 0 0 128 128 128 128 128 128 128 128 128 128 128 128 128 128 128 128 128 128 128 128
0 0 0 0 0 128 128 128 128 128 128 128 128 128 128 128 128 128 128 128 128 128 128 128 128
0 0 0 0 0 128 128 128 128 128 128 128 128 128 128 128 128 128 128 128 128 128 128 128 128
0 0 0 0 0 128 128 128 128 128 128 128 128 128 128 128 128 128 128 128 128 128 128 128 128
0 0 0 0 0 128 128 128 128 128 128 128 128 128 128 128 128 128 128 128 128 128 128 128 128
0 0 0 0 0 128 128 128 128 128 128 128 128 128 128 128 128 128 128 128 128 128 128 128 128
0 0 0 0 0 128 128 128 128 128 128 128 128 128 128 128 128 128 128 128 128 128 128 128 128
0 0 0 0 0 128 128 128 128 128 128 128 128 128 128 128 128 128 128 128 128 128 128 128 128
0 0 0 0 0 128 128 128 128 128 128 128 128 128 128 128 128 128 128 128 128 128 128 128 128
0 0 0 0 0 128 128 128 128 128 128 128 128 128 128 128 128 128 128 128 128 128 128 128 128
128 0 0 0 0 128 0 0 0 0 128 0 0 0 0 128 0 0 0 0 0 0 0 0 0
128 128 0 0 0 128 128 0 0 0 128 128 0 0 0 128 128 0 0 0 0 0 0 0 0
128 128 128 0 0 128 128 128 0 0 128 128 128 0 0 128 128 128 0 0 0 0 0 0 0
128 128 128 128 0 128 128 128 128 0 128 128 128 128 0 128 128 128 128 0 0 0 0 0 0
128 128 128 128 128 128 128 128 128 128 128 128 128 128 128 128 128 128 128 128 0 0 0 0 0
128 128 128 128 128 128 128 128 128 128 128 128 128 128 128 128 128 128 128 128 0 0 0 0 0
128 128 128 128 128 128 128 128 128 128 128 128 128 128 128 128 128 128 128 128 0 0 0 0 0
128 128 128 128 128 128 128 128 128 128 128 128 128 128 128 128 128 128 128 128 0 0 0 0 0
128 128 128 128 128 128 128 128 128 128 128 128 128 128 128 128 128 128 128 128 0 0 0 0 0
128 128 128 128 128 128 128 128 128 128 128 128 128 128 128 128 128 128 128 128 0 0 0 0 0
128 128 128 128 128 128 128 128 128 128 128 128 128 128 128 128 128 128 128 128 0 0 0 0 0
128 128 128 128 128 128 128 128 128 128 128 128 128 128 128 128 128 128 128 128 0 0 0 0 0
128 128 128 128 128 128 128 128 128 128 128 128 128 128 128 128 128 128 128 128 0 0 0 0 0
128 128 128 128 128 128 128 128 128 128 128 128 128 128 128 128 128 128 128 128 0 0 0 0 0
128 128 128 128 128 128 128 128 128 128 128 128 128 128 128 128 128 128 128 128 0 0 0 0 0
128 128 128 128 128 128 128 128 128 128 128 128 128 128 128 128 128 128 128 128 0 0 0 0 0
128 0 0 0 0 128 0 0 0 0 128 0 0 0 0 0 0 0 0 0 0 0 0 0 0
128 128 0 0 0 128 128 0 0 0 128 128 0 0 0 0 0 0 0 0 0 0 0 0 0
128 128 128 0 0 128 128 128 0 0 128 128 128 0 0 0 0 0 0 0 0 0 0 0 0
128 128 128 128 0 128 128 128 128 0 128 128 128 128 0 0 0 0 0 0 0 0 0 0 0
128 128 128 128 128 128 128 128 128 128 128 128 128 128 128 0 0 0 0 0 0 0 0 0 0
128 128 128 128 128 128 128 128 128 128 128 128 128 128 128 0 0 0 0 0 0 0 0 0 0
128 128 128 128 128 128 128 128 128 128 128 128 128 128 128 0 0 0 0 0 0 0 0 0 0
128 128 128 128 128 128 128 128 128 128 128 128 128 128 128 0 0 0 0 0 0 0 0 0 0
128 128 128 128 128 128 128 128 128 128 128 128 128 128 128 0 0 0 0 0 0 0 0 0 0
128 128 128 128 128 128 128 128 128 128 128 128 128 128 128 0 0 0 0 0 0 0 0 0 0
128 128 128 128 128 128 128 128 128 128 128 128 128 128 128 0 0 0 0 0 0 0 0 0 0
128 128 128 128 128 128 128 128 128 128 128 128 128 128 128 0 0 0 0 0 0 0 0 0 0
128 128 128 128 128 128 128 128 128 128 128 128 128 128 128 0 0 0 0 0 0 0 0 0 0
128 128 128 128 128 128 128 128 128 128 128 128 128 128 128 0 0 0 0 0 0 0 0 0 0
128 128 128 128 128 128 128 128 128 128 128 128 128 128 128 0 0 0 0 0 0 0 0 0 0
128 128 128 128 128 128 128 128 128 128 128 128 128 128 128 0 0 0 0 0 0 0 0 0 0
128 0 0 0 0 128 0 0 0 0 0 0 0 0 0 0 0 0 0 0 0 0 0 0 0
128 128 0 0 0 128 128 0 0 0 0 0 0 0 0 0 0 0 0 0 0 0 0 0 0
128 128 128 0 0 128 128 128 0 0 0 0 0 0 0 0 0 0 0 0 0 0 0 0 0
128 128 128 128 0 128 128 128 128 0 0 0 0 0 0 0 0 0 0 0 0 0 0 0 0
128 128 128 128 128 128 128 128 128 128 0 0 0 0 0 0 0 0 0 0 0 0 0 0 0
128 128 128 128 128 128 128 128 128 128 0 0 0 0 0 0 0 0 0 0 0 0 0 0 0
128 128 128 128 128 128 128 128 128 128 0 0 0 0 0 0 0 0 0 0 0 0 0 0 0
128 128 128 128 128 128 128 128 128 128 0 0 0 0 0 0 0 0 0 0 0 0 0 0 0
128 128 128 128 128 128 128 128 128 128 0 0 0 0 0 0 0 0 0 0 0 0 0 0 0
128 128 128 128 128 128 128 128 128 128 0 0 0 0 0 0 0 0 0 0 0 0 0 0 0
128 128 128 128 128 128 128 128 128 128 0 0 0 0 0 0 0 0 0 0 0 0 0 0 0
128 128 128 128 128 128 128 128 128 128 0 0 0 0 0 0 0 0 0 0 0 0 0 0 0
128 128 128 128 128 128 128 128 128 128 0 0 0 0 0 0 0 0 0 0 0 0 0 0 0
128 128 128 128 128 128 128 128 128 128 0 0 0 0 0 0 0 0 0 0 0 0 0 0 0
128 128 128 128 128 128 128 128 128 128 0 0 0 0 0 0 0 0 0 0 0 0 0 0 0
128 128 128 128 128 128 128 128 128 128 0 0 0 0 0 0 0 0 0 0 0 0 0 0 0
128 0 0 0 0 0 0 0 0 0 0 0 0 0 0 0 0 0 0 0 0 0 0 0 0
128 128 0 0 0 0 0 0 0 0 0 0 0 0 0 0 0 0 0 0 0 0 0 0 0
128 128 128 0 0 0 0 0 0 0 0 0 0 0 0 0 0 0 0 0 0 0 0 0 0
128 128 128 128 0 0 0 0 0 0 0 0 0 0 0 0 0 0 0 0 0 0 0 0 0
128 128 128 128 128 0 0 0 0 0 0 0 0 0 0 0 0 0 0 0 0 0 0 0 0
128 128 128 128 128 0 0 0 0 0 0 0 0 0 0 0 0 0 0 0 0 0 0 0 0
128 128 128 128 128 0 0 0 0 0 0 0 0 0 0 0 0 0 0 0 0 0 0 0 0
128 128 128 128 128 0 0 0 0 0 0 0 0 0 0 0 0 0 0 0 0 0 0 0 0
128 128 128 128 128 0 0 0 0 0 0 0 0 0 0 0 0 0 0 0 0 0 0 0 0
128 128 128 128 128 0 0 0 0 0 0 0 0 0 0 0 0 0 0 0 0 0 0 0 0
128 128 128 128 128 0 0 0 0 0 0 0 0 0 0 0 0 0 0 0 0 0 0 0 0
128 128 128 128 128 0 0 0 0 0 0 0 0 0 0 0 0 0 0 0 0 0 0 0 0
128 128 128 128 128 0 0 0 0 0 0 0 0 0 0 0 0 0 0 0 0 0 0 0 0
128 128 128 128 128 0 0 0 0 0 0 0 0 0 0 0 0 0 0 0 0 0 0 0 0
128 128 128 128 128 0 0 0 0 0 0 0 0 0 0 0 0 0 0 0 0 0 0 0 0
128 128 128 128 128 0 0 0 0 0 0 0 0 0 0 0 0 0 0 0 0 0 0 0 0
0 0 0 0 0 0 0 0 0 0 0 0 0 0 0 0 0 0 0 0 170 0 0 0 0
0 0 0 0 0 0 0 0 0 0 0 0 0 0 0 0 0 0 0 0 85 170 0 0 0
0 0 0 0 0 0 0 0 0 0 0 0 0 0 0 0 0 0 0 0 170 85 170 0 0
0 0 0 0 0 0 0 0 0 0 0 0 0 0 0 0 0 0 0 0 85 170 85 170 0
0 0 0 0 0 0 0 0 0 0 0 0 0 0 0 0 0 0 0 0 170 85 170 85 170
0 0 0 0 0 0 0 0 0 0 0 0 0 0 0 0 0 0 0 0 85 170 85 170 85
0 0 0 0 0 0 0 0 0 0 0 0 0 0 0 0 0 0 0 0 170 85 170 85 170
0 0 0 0 0 0 0 0 0 0 0 0 0 0 0 0 0 0 0 0 85 170 85 170 85
0 0 0 0 0 0 0 0 0 0 0 0 0 0 0 0 0 0 0 0 170 85 170 85 170
0 0 0 0 0 0 0 0 0 0 0 0 0 0 0 0 0 0 0 0 85 170 85 170 85
0 0 0 0 0 0 0 0 0 0 0 0 0 0 0 0 0 0 0 0 170 85 170 85 170
0 0 0 0 0 0 0 0 0 0 0 0 0 0 0 0 0 0 0 0 85 170 85 170 85
0 0 0 0 0 0 0 0 0 0 0 0 0 0 0 0 0 0 0 0 170 85 170 85 170
0 0 0 0 0 0 0 0 0 0 0 0 0 0 0 0 0 0 0 0 85 170 85 170 85
0 0 0 0 0 0 0 0 0 0 0 0 0 0 0 0 0 0 0 0 170 85 170 85 170
0 0 0 0 0 0 0 0 0 0 0 0 0 0 0 0 0 0 0 0 85 170 85 170 85
0 0 0 0 0 0 0 0 0 0 0 0 0 0 0 170 0 0 0 0 85 0 0 0 0
0 0 0 0 0 0 0 0 0 0 0 0 0 0 0 85 170 0 0 0 170 85 0 0 0
0 0 0 0 0 0 0 0 0 0 0 0 0 0 0 170 85 170 0 0 85 170 85 0 0
0 0 0 0 0 0 0 0 0 0 0 0 0 0 0 85 170 85 170 0 170 85 170 85 0
0 0 0 0 0 0 0 0 0 0 0 0 0 0 0 170 85 170 85 170 85 170 85 170 85
0 0 0 0 0 0 0 0 0 0 0 0 0 0 0 85 170 85 170 85 170 85 170 85 170
0 0 0 0 0 0 0 0 0 0 0 0 0 0 0 170 85 170 85 170 85 170 85 170 85
0 0 0 0 0 0 0 0 0 0 0 0 0 0 0 85 170 85 170 85 170 85 170 85 170
0 0 0 0 0 0 0 0 0 0 0 0 0 0 0 170 85 170 85 170 85 170 85 170 85
0 0 0 0 0 0 0 0 0 0 0 0 0 0 0 85 170 85 170 85 170 85 170 85 170
0 0 0 0 0 0 0 0 0 0 0 0 0 0 0 170 85 170 85 170 85 170 85 170 85
0 0 0 0 0 0 0 0 0 0 0 0 0 0 0 85 170 85 170 85 170 85 170 85 170
0 0 0 0 0 0 0 0 0 0 0 0 0 0 0 170 85 170 85 170 85 170 85 170 85
0 0 0 0 0 0 0 0 0 0 0 0 0 0 0 85 170 85 170 85 170 85 170 85 170
0 0 0 0 0 0 0 0 0 0 0 0 0 0 0 170 85 170 85 170 85 170 85 170 85
0 0 0 0 0 0 0 0 0 0 0 0 0 0 0 85 170 85 170 85 170 85 170 85 170
0 0 0 0 0 0 0 0 0 0 170 0 0 0 0 85 0 0 0 0 170 0 0 0 0
0 0 0 0 0 0 0 0 0 0 85 170 0 0 0 170 85 0 0 0 85 170 0 0 0
0 0 0 0 0 0 0 0 0 0 170 85 170 0 0 85 170 85 0 0 170 85 170 0 0
0 0 0 0 0 0 0 0 0 0 85 170 85 170 0 170 85 170 85 0 85 170 85 170 0
0 0 0 0 0 0 0 0 0 0 170 85 170 85 170 85 170 85 170 85 170 85 170 85 170
0 0 0 0 0 0 0 0 0 0 85 170 85 170 85 170 85 170 85 170 85 170 85 170 85
0 0 0 0 0 0 0 0 0 0 170 85 170 85 170 85 170 85 170 85 170 85 170 85 170
0 0 0 0 0 0 0 0 0 0 85 170 85 170 85 170 85 170 85 170 85 170 85 170 85
0 0 0 0 0 0 0 0 0 0 170 85 170 85 170 85 170 85 170 85 170 85 170 85 170
0 0 0 0 0 0 0 0 0 0 85 170 85 170 85 170 85 170 85 170 85 170 85 170 85
0 0 0 0 0 0 0 0 0 0 170 85 170 85 170 85 170 85 170 85 170 85 170 85 170
0 0 0 0 0 0 0 0 0 0 85 170 85 170 85 170 85 170 85 170 85 170 85 170 85
0 0 0 0 0 0 0 0 0 0 170 85 170 85 170 85 170 85 170 85 170 85 170 85 170
0 0 0 0 0 0 0 0 0 0 85 170 85 170 85 170 85 170 85 170 85 170 85 170 85
0 0 0 0 0 0 0 0 0 0 170 85 170 85 170 85 170 85 170 85 170 85 170 85 170
0 0 0 0 0 0 0 0 0 0 85 170 85 170 85 170 85 170 85 170 85 170 85 170 85
0 0 0 0 0 170 0 0 0 0 85 0 0 0 0 170 0 0 0 0 85 0 0 0 0
0 0 0 0 0 85 170 0 0 0 170 85 0 0 0 85 170 0 0 0 170 85 0 0 0
0 0 0 0 0 170 85 170 0 0 85 170 85 0 0 170 85 170 0 0 85 170 85 0 0
0 0 0 0 0 85 170 85 170 0 170 85 170 85 0 85 170 85 170 0 170 85 170 85 0
0 0 0 0 0 170 85 170 85 170 85 170 85 170 85 170 85 170 85 170 85 170 85 170 85
0 0 0 0 0 85 170 85 170 85 170 85 170 85 170 85 170 85 170 85 170 85 170 85 170
0 0 0 0 0 170 85 170 85 170 85 170 85 170 85 170 85 170 85 170 85 170 85 170 85
0 0 0 0 0 85 170 85 170 85 170 85 170 85 170 85 170 85 170 85 170 85 170 85 170
0 0 0 0 0 170 85 170 85 170 85 170 85 170 85 170 85 170 85 170 85 170 85 170 85
0 0 0 0 0 85 170 85 170 85 170 85 170 85 170 85 170 85 170 85 170 85 170 85 170
0 0 0 0 0 170 85 170 85 170 85 170 85 170 85 170 85 170 85 170 85 170 85 170 85
0 0 0 0 0 85 170 85 170 85 170 85 170 85 170 85 170 85 170 85 170 85 170 85 170
0 0 0 0 0 170 85 170 85 170 85 170 85 170 85 170 85 170 85 170 85 170 85 170 85
0 0 0 0 0 85 170 85 170 85 170 85 170 85 170 85 170 85 170 85 170 85 170 85 170
0 0 0 0 0 170 85 170 85 170 85 170 85 170 85 170 85 170 85 170 85 170 85 170 85
0 0 0 0 0 85 170 85 170 85 170 85 170 85 170 85 170 85 170 85 170 85 170 85 170
170 0 0 0 0 85 0 0 0 0 170 0 0 0 0 85 0 0 0 0 0 0 0 0 0
85 170 0 0 0 170 85 0 0 0 85 170 0 0 0 170 85 0 0 0 0 0 0 0 0
170 85 170 0 0 85 170 85 0 0 170 85 170 0 0 85 170 85 0 0 0 0 0 0 0
85 170 85 170 0 170 85 170 85 0 85 170 85 170 0 170 85 170 85 0 0 0 0 0 0
170 85 170 85 170 85 170 85 170 85 170 85 170 85 170 85 170 85 170 85 0 0 0 0 0
85 170 85 170 85 170 85 170 85 170 85 170 85 170 85 170 85 170 85 170 0 0 0 0 0
170 85 170 85 170 85 170 85 170 85 170 85 170 85 170 85 170 85 170 85 0 0 0 0 0
85 170 85 170 85 170 85 170 85 170 85 170 85 170 85 170 85 170 85 170 0 0 0 0 0
170 85 170 85 170 85 170 85 170 85 170 85 170 85 170 85 170 85 170 85 0 0 0 0 0
85 170 85 170 85 170 85 170 85 170 85 170 85 170 85 170 85 170 85 170 0 0 0 0 0
170 85 170 85 170 85 170 85 170 85 170 85 170 85 170 85 170 85 170 85 0 0 0 0 0
85 170 85 170 85 170 85 170 85 170 85 170 85 170 85 170 85 170 85 170 0 0 0 0 0
170 85 170 85 170 85 170 85 170 85 170 85 170 85 170 85 170 85 170 85 0 0 0 0 0
85 170 85 170 85 170 85 170 85 170 85 170 85 170 85 170 85 170 85 170 0 0 0 0 0
170 85 170 85 170 85 170 85 170 85 170 85 170 85 170 85 170 85 170 85 0 0 0 0 0
85 170 85 170 85 170 85 170 85 170 85 170 85 170 85 170 85 170 85 170 0 0 0 0 0
85 0 0 0 0 170 0 0 0 0 85 0 0 0 0 0 0 0 0 0 0 0 0 0 0
170 85 0 0 0 85 170 0 0 0 170 85 0 0 0 0 0 0 0 0 0 0 0 0 0
85 170 85 0 0 170 85 170 0 0 85 170 85 0 0 0 0 0 0 0 0 0 0 0 0
170 85 170 85 0 85 170 85 170 0 170 85 170 85 0 0 0 0 0 0 0 0 0 0 0
85 170 85 170 85 170 85 170 85 170 85 170 85 170 85 0 0 0 0 0 0 0 0 0 0
170 85 170 85 170 85 170 85 170 85 170 85 170 85 170 0 0 0 0 0 0 0 0 0 0
85 170 85 170 85 170 85 170 85 170 85 170 85 170 85 0 0 0 0 0 0 0 0 0 0
170 85 170 85 170 85 170 85 170 85 170 85 170 85 170 0 0 0 0 0 0 0 0 0 0
85 170 85 170 85 170 85 170 85 170 85 170 85 170 85 0 0 0 0 0 0 0 0 0 0
170 85 170 85 170 85 170 85 170 85 170 85 170 85 170 0 0 0 0 0 0 0 0 0 0
85 170 85 170 85 170 85 170 85 170 85 170 85 170 85 0 0 0 0 0 0 0 0 0 0
170 85 170 85 170 85 170 85 170 85 170 85 170 85 170 0 0 0 0 0 0 0 0 0 0
85 170 85 170 85 170 85 170 85 170 85 170 85 170 85 0 0 0 0 0 0 0 0 0 0
170 85 170 85 170 85 170 85 170 85 170 85 170 85 170 0 0 0 0 0 0 0 0 0 0
85 170 85 170 85 170 85 170 85 170 85 170 85 170 85 0 0 0 0 0 0 0 0 0 0
170 85 170 85 170 85 170 85 170 85 170 85 170 85 170 0 0 0 0 0 0 0 0 0 0
170 0 0 0 0 85 0 0 0 0 0 0 0 0 0 0 0 0 0 0 0 0 0 0 0
85 170 0 0 0 170 85 0 0 0 0 0 0 0 0 0 0 0 0 0 0 0 0 0 0
170 85 170 0 0 85 170 85 0 0 0 0 0 0 0 0 0 0 0 0 0 0 0 0 0
85 170 85 170 0 170 85 170 85 0 0 0 0 0 0 0 0 0 0 0 0 0 0 0 0
170 85 170 85 170 85 170 85 170 85 0 0 0 0 0 0 0 0 0 0 0 0 0 0 0
85 170 85 170 85 170 85 170 85 170 0 0 0 0 0 0 0 0 0 0 0 0 0 0 0
170 85 170 85 170 85 170 85 170 85 0 0 0 0 0 0 0 0 0 0 0 0 0 0 0
85 170 85 170 85 170 85 170 85 170 0 0 0 0 0 0 0 0 0 0 0 0 0 0 0
170 85 170 85 170 85 170 85 170 85 0 0 0 0 0 0 0 0 0 0 0 0 0 0 0
85 170 85 170 85 170 85 170 85 170 0 0 0 0 0 0 0 0 0 0 0 0 0 0 0
170 85 170 85 170 85 170 85 170 85 0 0 0 0 0 0 0 0 0 0 0 0 0 0 0
85 170 85 170 85 170 85 170 85 170 0 0 0 0 0 0 0 0 0 0 0 0 0 0 0
170 85 170 85 170 85 170 85 170 85 0 0 0 0 0 0 0 0 0 0 0 0 0 0 0
85 170 85 170 85 170 85 170 85 170 0 0 0 0 0 0 0 0 0 0 0 0 0 0 0
170 85 170 85 170 85 170 85 170 85 0 0 0 0 0 0 0 0 0 0 0 0 0 0 0
85 170 85 170 85 170 85 170 85 170 0 0 0 0 0 0 0 0 0 0 0 0 0 0 0
85 0 0 0 0 0 0 0 0 0 0 0 0 0 0 0 0 0 0 0 0 0 0 0 0
170 85 0 0 0 0 0 0 0 0 0 0 0 0 0 0 0 0 0 0 0 0 0 0 0
85 170 85 0 0 0 0 0 0 0 0 0 0 0 0 0 0 0 0 0 0 0 0 0 0
170 85 170 85 0 0 0 0 0 0 0 0 0 0 0 0 0 0 0 0 0 0 0 0 0
85 170 85 170 85 0 0 0 0 0 0 0 0 0 0 0 0 0 0 0 0 0 0 0 0
170 85 170 85 170 0 0 0 0 0 0 0 0 0 0 0 0 0 0 0 0 0 0 0 0
85 170 85 170 85 0 0 0 0 0 0 0 0 0 0 0 0 0 0 0 0 0 0 0 0
170 85 170 85 170 0 0 0 0 0 0 0 0 0 0 0 0 0 0 0 0 0 0 0 0
85 170 85 170 85 0 0 0 0 0 0 0 0 0 0 0 0 0 0 0 0 0 0 0 0
170 85 170 85 170 0 0 0 0 0 0 0 0 0 0 0 0 0 0 0 0 0 0 0 0
85 170 85 170 85 0 0 0 0 0 0 0 0 0 0 0 0 0 0 0 0 0 0 0 0
170 85 170 85 170 0 0 0 0 0 0 0 0 0 0 0 0 0 0 0 0 0 0 0 0
85 170 85 170 85 0 0 0 0 0 0 0 0 0 0 0 0 0 0 0 0 0 0 0 0
170 85 170 85 170 0 0 0 0 0 0 0 0 0 0 0 0 0 0 0 0 0 0 0 0
85 170 85 170 85 0 0 0 0 0 0 0 0 0 0 0 0 0 0 0 0 0 0 0 0
170 85 170 85 170 0 0 0 0 0 0 0 0 0 0 0 0 0 0 0 0 0 0 0 0
