0 0 0 0 0 0 0 0 0
0 0 0 0 0 0 1 0 0
0 0 0 0 0 0 2 1 0
0 0 0 0 0 0 3 2 1
0 0 0 0 0 0 4 0 0
0 0 0 1 0 0 5 4 0
0 0 0 2 1 0 6 5 4
0 0 0 3 2 1 7 6 5
0 0 0 4 0 0 8 0 0
1 0 0 5 4 0 9 8 0
2 1 0 6 5 4 10 9 8
3 2 1 7 6 5 11 10 9
4 0 0 8 0 0 12 0 0
5 4 0 9 8 0 13 12 0
6 5 4 10 9 8 14 13 12
7 6 5 11 10 9 15 14 13
8 0 0 12 0 0 16 0 0
9 8 0 13 12 0 17 16 0
10 9 8 14 13 12 18 17 16
11 10 9 15 14 13 19 18 17
12 0 0 16 0 0 20 0 0
13 12 0 17 16 0 21 20 0
14 13 12 18 17 16 22 21 20
15 14 13 19 18 17 23 22 21
16 0 0 20 0 0 24 0 0
17 16 0 21 20 0 25 24 0
18 17 16 22 21 20 26 25 24
19 18 17 23 22 21 27 26 25
20 0 0 24 0 0 28 0 0
21 20 0 25 24 0 29 28 0
22 21 20 26 25 24 30 29 28
23 22 21 27 26 25 31 30 29
24 0 0 28 0 0 32 0 0
25 24 0 29 28 0 33 32 0
26 25 24 30 29 28 34 33 32
27 26 25 31 30 29 35 34 33
28 0 0 32 0 0 36 0 0
29 28 0 33 32 0 37 36 0
30 29 28 34 33 32 38 37 36
31 30 29 35 34 33 39 38 37
32 0 0 36 0 0 40 0 0
33 32 0 37 36 0 41 40 0
34 33 32 38 37 36 42 41 40
35 34 33 39 38 37 43 42 41
36 0 0 40 0 0 44 0 0
37 36 0 41 40 0 45 44 0
38 37 36 42 41 40 46 45 44
39 38 37 43 42 41 47 46 45
40 0 0 44 0 0 48 0 0
41 40 0 45 44 0 49 48 0
42 41 40 46 45 44 50 49 48
43 42 41 47 46 45 51 50 49
44 0 0 48 0 0 52 0 0
45 44 0 49 48 0 53 52 0
46 45 44 50 49 48 54 53 52
47 46 45 51 50 49 55 54 53
48 0 0 52 0 0 56 0 0
49 48 0 53 52 0 57 56 0
50 49 48 54 53 52 58 57 56
51 50 49 55 54 53 59 58 57
52 0 0 56 0 0 60 0 0
53 52 0 57 56 0 61 60 0
54 53 52 58 57 56 62 61 60
55 54 53 59 58 57 63 62 61
0 0 0 0 0 0 128 0 0
0 0 0 0 0 0 128 128 0
0 0 0 0 0 0 128 128 128
0 0 0 0 0 0 128 128 128
0 0 0 128 0 0 128 0 0
0 0 0 128 128 0 128 128 0
0 0 0 128 128 128 128 128 128
0 0 0 128 128 128 128 128 128
128 0 0 128 0 0 128 0 0
128 128 0 128 128 0 128 128 0
128 128 128 128 128 128 128 128 128
128 128 128 128 128 128 128 128 128
128 0 0 128 0 0 128 0 0
128 128 0 128 128 0 128 128 0
128 128 128 128 128 128 128 128 128
128 128 128 128 128 128 128 128 128
128 0 0 128 0 0 128 0 0
128 128 0 128 128 0 128 128 0
128 128 128 128 128 128 128 128 128
128 128 128 128 128 128 128 128 128
128 0 0 128 0 0 128 0 0
128 128 0 128 128 0 128 128 0
128 128 128 128 128 128 128 128 128
128 128 128 128 128 128 128 128 128
128 0 0 128 0 0 128 0 0
128 128 0 128 128 0 128 128 0
128 128 128 128 128 128 128 128 128
128 128 128 128 128 128 128 128 128
128 0 0 128 0 0 128 0 0
128 128 0 128 128 0 128 128 0
128 128 128 128 128 128 128 128 128
128 128 128 128 128 128 128 128 128
128 0 0 128 0 0 128 0 0
128 128 0 128 128 0 128 128 0
128 128 128 128 128 128 128 128 128
128 128 128 128 128 128 128 128 128
128 0 0 128 0 0 128 0 0
128 128 0 128 128 0 128 128 0
128 128 128 128 128 128 128 128 128
128 128 128 128 128 128 128 128 128
128 0 0 128 0 0 128 0 0
128 128 0 128 128 0 128 128 0
128 128 128 128 128 128 128 128 128
128 128 128 128 128 128 128 128 128
128 0 0 128 0 0 128 0 0
128 128 0 128 128 0 128 128 0
128 128 128 128 128 128 128 128 128
128 128 128 128 128 128 128 128 128
128 0 0 128 0 0 128 0 0
128 128 0 128 128 0 128 128 0
128 128 128 128 128 128 128 128 128
128 128 128 128 128 128 128 128 128
128 0 0 128 0 0 128 0 0
128 128 0 128 128 0 128 128 0
128 128 128 128 128 128 128 128 128
128 128 128 128 128 128 128 128 128
128 0 0 128 0 0 128 0 0
128 128 0 128 128 0 128 128 0
128 128 128 128 128 128 128 128 128
128 128 128 128 128 128 128 128 128
128 0 0 128 0 0 128 0 0
128 128 0 128 128 0 128 128 0
128 128 128 128 128 128 128 128 128
128 128 128 128 128 128 128 128 128
0 0 0 0 0 0 170 0 0
0 0 0 0 0 0 85 170 0
0 0 0 0 0 0 170 85 170
0 0 0 0 0 0 85 170 85
0 0 0 170 0 0 85 0 0
0 0 0 85 170 0 170 85 0
0 0 0 170 85 170 85 170 85
0 0 0 85 170 85 170 85 170
170 0 0 85 0 0 170 0 0
85 170 0 170 85 0 85 170 0
170 85 170 85 170 85 170 85 170
85 170 85 170 85 170 85 170 85
85 0 0 170 0 0 85 0 0
170 85 0 85 170 0 170 85 0
85 170 85 170 85 170 85 170 85
170 85 170 85 170 85 170 85 170
170 0 0 85 0 0 170 0 0
85 170 0 170 85 0 85 170 0
170 85 170 85 170 85 170 85 170
85 170 85 170 85 170 85 170 85
85 0 0 170 0 0 85 0 0
170 85 0 85 170 0 170 85 0
85 170 85 170 85 170 85 170 85
170 85 170 85 170 85 170 85 170
170 0 0 85 0 0 170 0 0
85 170 0 170 85 0 85 170 0
170 85 170 85 170 85 170 85 170
85 170 85 170 85 170 85 170 85
85 0 0 170 0 0 85 0 0
170 85 0 85 170 0 170 85 0
85 170 85 170 85 170 85 170 85
170 85 170 85 170 85 170 85 170
170 0 0 85 0 0 170 0 0
85 170 0 170 85 0 85 170 0
170 85 170 85 170 85 170 85 170
85 170 85 170 85 170 85 170 85
85 0 0 170 0 0 85 0 0
170 85 0 85 170 0 170 85 0
85 170 85 170 85 170 85 170 85
170 85 170 85 170 85 170 85 170
170 0 0 85 0 0 170 0 0
85 170 0 170 85 0 85 170 0
170 85 170 85 170 85 170 85 170
85 170 85 170 85 170 85 170 85
85 0 0 170 0 0 85 0 0
170 85 0 85 170 0 170 85 0
85 170 85 170 85 170 85 170 85
170 85 170 85 170 85 170 85 170
170 0 0 85 0 0 170 0 0
85 170 0 170 85 0 85 170 0
170 85 170 85 170 85 170 85 170
85 170 85 170 85 170 85 170 85
85 0 0 170 0 0 85 0 0
170 85 0 85 170 0 170 85 0
85 170 85 170 85 170 85 170 85
170 85 170 85 170 85 170 85 170
170 0 0 85 0 0 170 0 0
85 170 0 170 85 0 85 170 0
170 85 170 85 170 85 170 85 170
85 170 85 170 85 170 85 170 85
85 0 0 170 0 0 85 0 0
170 85 0 85 170 0 170 85 0
85 170 85 170 85 170 85 170 85
170 85 170 85 170 85 170 85 170
