0 0 0 0 0 0 0 0 0
0 0 0 0 0 0 1 0 0
0 0 0 0 0 0 2 1 0
0 0 0 0 0 0 3 2 1
0 0 0 0 0 0 4 3 2
0 0 0 1 0 0 5 4 3
0 0 0 2 1 0 6 5 4
0 0 0 3 2 1 7 6 5
0 0 0 4 3 2 8 7 6
1 0 0 5 4 3 9 8 7
2 1 0 6 5 4 10 9 8
3 2 1 7 6 5 11 10 9
4 3 2 8 7 6 12 11 10
5 4 3 9 8 7 13 12 11
6 5 4 10 9 8 14 13 12
7 6 5 11 10 9 15 14 13
8 7 6 12 11 10 16 15 14
9 8 7 13 12 11 17 16 15
10 9 8 14 13 12 18 17 16
11 10 9 15 14 13 19 18 17
12 11 10 16 15 14 20 19 18
13 12 11 17 16 15 21 20 19
14 13 12 18 17 16 22 21 20
15 14 13 19 18 17 23 22 21
16 15 14 20 19 18 24 23 22
17 16 15 21 20 19 25 24 23
18 17 16 22 21 20 26 25 24
19 18 17 23 22 21 27 26 25
20 19 18 24 23 22 28 27 26
21 20 19 25 24 23 29 28 27
22 21 20 26 25 24 30 29 28
23 22 21 27 26 25 31 30 29
24 23 22 28 27 26 32 31 30
25 24 23 29 28 27 33 32 31
26 25 24 30 29 28 34 33 32
27 26 25 31 30 29 35 34 33
28 27 26 32 31 30 36 35 34
29 28 27 33 32 31 37 36 35
30 29 28 34 33 32 38 37 36
31 30 29 35 34 33 39 38 37
32 31 30 36 35 34 40 39 38
33 32 31 37 36 35 41 40 39
34 33 32 38 37 36 42 41 40
35 34 33 39 38 37 43 42 41
36 35 34 40 39 38 44 43 42
37 36 35 41 40 39 45 44 43
38 37 36 42 41 40 46 45 44
39 38 37 43 42 41 47 46 45
40 39 38 44 43 42 48 47 46
41 40 39 45 44 43 49 48 47
42 41 40 46 45 44 50 49 48
43 42 41 47 46 45 51 50 49
44 43 42 48 47 46 52 51 50
45 44 43 49 48 47 53 52 51
46 45 44 50 49 48 54 53 52
47 46 45 51 50 49 55 54 53
48 47 46 52 51 50 56 55 54
49 48 47 53 52 51 57 56 55
50 49 48 54 53 52 58 57 56
51 50 49 55 54 53 59 58 57
52 51 50 56 55 54 60 59 58
53 52 51 57 56 55 61 60 59
54 53 52 58 57 56 62 61 60
55 54 53 59 58 57 63 62 61
56 55 54 60 59 58 128 63 62
57 56 55 61 60 59 128 128 63
58 57 56 62 61 60 128 128 128
59 58 57 63 62 61 128 128 128
60 59 58 128 63 62 128 128 128
61 60 59 128 128 63 128 128 128
62 61 60 128 128 128 128 128 128
63 62 61 128 128 128 128 128 128
128 63 62 128 128 128 128 128 128
128 128 63 128 128 128 128 128 128
128 128 128 128 128 128 128 128 128
128 128 128 128 128 128 128 128 128
128 128 128 128 128 128 128 128 128
128 128 128 128 128 128 128 128 128
128 128 128 128 128 128 128 128 128
128 128 128 128 128 128 128 128 128
128 128 128 128 128 128 128 128 128
128 128 128 128 128 128 128 128 128
128 128 128 128 128 128 128 128 128
128 128 128 128 128 128 128 128 128
128 128 128 128 128 128 128 128 128
128 128 128 128 128 128 128 128 128
128 128 128 128 128 128 128 128 128
128 128 128 128 128 128 128 128 128
128 128 128 128 128 128 128 128 128
128 128 128 128 128 128 128 128 128
128 128 128 128 128 128 128 128 128
128 128 128 128 128 128 128 128 128
128 128 128 128 128 128 128 128 128
128 128 128 128 128 128 128 128 128
128 128 128 128 128 128 128 128 128
128 128 128 128 128 128 128 128 128
128 128 128 128 128 128 128 128 128
128 128 128 128 128 128 128 128 128
128 128 128 128 128 128 128 128 128
128 128 128 128 128 128 128 128 128
128 128 128 128 128 128 128 128 128
128 128 128 128 128 128 128 128 128
128 128 128 128 128 128 128 128 128
128 128 128 128 128 128 128 128 128
128 128 128 128 128 128 128 128 128
128 128 128 128 128 128 128 128 128
128 128 128 128 128 128 128 128 128
128 128 128 128 128 128 128 128 128
128 128 128 128 128 128 128 128 128
128 128 128 128 128 128 128 128 128
128 128 128 128 128 128 128 128 128
128 128 128 128 128 128 128 128 128
128 128 128 128 128 128 128 128 128
128 128 128 128 128 128 128 128 128
128 128 128 128 128 128 128 128 128
128 128 128 128 128 128 128 128 128
128 128 128 128 128 128 128 128 128
128 128 128 128 128 128 128 128 128
128 128 128 128 128 128 128 128 128
128 128 128 128 128 128 128 128 128
128 128 128 128 128 128 128 128 128
128 128 128 128 128 128 128 128 128
128 128 128 128 128 128 128 128 128
128 128 128 128 128 128 128 128 128
128 128 128 128 128 128 128 128 128
128 128 128 128 128 128 128 128 128
128 128 128 128 128 128 128 128 128
128 128 128 128 128 128 128 128 128
128 128 128 128 128 128 170 128 128
128 128 128 128 128 128 85 170 128
128 128 128 128 128 128 170 85 170
128 128 128 128 128 128 85 170 85
128 128 128 170 128 128 85 85 170
128 128 128 85 170 128 170 85 85
128 128 128 170 85 170 85 170 85
128 128 128 85 170 85 170 85 170
170 128 128 85 85 170 170 170 85
85 170 128 170 85 85 85 170 170
170 85 170 85 170 85 170 85 170
85 170 85 170 85 170 85 170 85
85 85 170 170 170 85 85 85 170
170 85 85 85 170 170 170 85 85
85 170 85 170 85 170 85 170 85
170 85 170 85 170 85 170 85 170
170 170 85 85 85 170 170 170 85
85 170 170 170 85 85 85 170 170
170 85 170 85 170 85 170 85 170
85 170 85 170 85 170 85 170 85
85 85 170 170 170 85 85 85 170
170 85 85 85 170 170 170 85 85
85 170 85 170 85 170 85 170 85
170 85 170 85 170 85 170 85 170
170 170 85 85 85 170 170 170 85
85 170 170 170 85 85 85 170 170
170 85 170 85 170 85 170 85 170
85 170 85 170 85 170 85 170 85
85 85 170 170 170 85 85 85 170
170 85 85 85 170 170 170 85 85
85 170 85 170 85 170 85 170 85
170 85 170 85 170 85 170 85 170
170 170 85 85 85 170 170 170 85
85 170 170 170 85 85 85 170 170
170 85 170 85 170 85 170 85 170
85 170 85 170 85 170 85 170 85
85 85 170 170 170 85 85 85 170
170 85 85 85 170 170 170 85 85
85 170 85 170 85 170 85 170 85
170 85 170 85 170 85 170 85 170
170 170 85 85 85 170 170 170 85
85 170 170 170 85 85 85 170 170
170 85 170 85 170 85 170 85 170
85 170 85 170 85 170 85 170 85
85 85 170 170 170 85 85 85 170
170 85 85 85 170 170 170 85 85
85 170 85 170 85 170 85 170 85
170 85 170 85 170 85 170 85 170
170 170 85 85 85 170 170 170 85
85 170 170 170 85 85 85 170 170
170 85 170 85 170 85 170 85 170
85 170 85 170 85 170 85 170 85
85 85 170 170 170 85 85 85 170
170 85 85 85 170 170 170 85 85
85 170 85 170 85 170 85 170 85
170 85 170 85 170 85 170 85 170
170 170 85 85 85 170 170 170 85
85 170 170 170 85 85 85 170 170
170 85 170 85 170 85 170 85 170
85 170 85 170 85 170 85 170 85
85 85 170 170 170 85 85 85 170
170 85 85 85 170 170 170 85 85
85 170 85 170 85 170 85 170 85
170 85 170 85 170 85 170 85 170
