0 0 0 0 0 0 0 0 0 0 0 0 0 0 0 0 0 0 0 0 0 0 0 0 0
0 0 0 0 0 0 0 0 0 0 0 0 0 0 0 0 0 0 0 0 1 0 0 0 0
0 0 0 0 0 0 0 0 0 0 0 0 0 0 0 0 0 0 0 0 2 1 0 0 0
0 0 0 0 0 0 0 0 0 0 0 0 0 0 0 0 0 0 0 0 3 2 1 0 0
0 0 0 0 0 0 0 0 0 0 0 0 0 0 0 0 0 0 0 0 4 3 2 1 0
0 0 0 0 0 0 0 0 0 0 0 0 0 0 0 0 0 0 0 0 5 0 0 0 0
0 0 0 0 0 0 0 0 0 0 0 0 0 0 0 1 0 0 0 0 6 5 0 0 0
0 0 0 0 0 0 0 0 0 0 0 0 0 0 0 2 1 0 0 0 7 6 5 0 0
0 0 0 0 0 0 0 0 0 0 0 0 0 0 0 3 2 1 0 0 8 7 6 5 0
0 0 0 0 0 0 0 0 0 0 0 0 0 0 0 4 3 2 1 0 9 8 7 6 5
0 0 0 0 0 0 0 0 0 0 0 0 0 0 0 5 0 0 0 0 10 0 0 0 0
0 0 0 0 0 0 0 0 0 0 1 0 0 0 0 6 5 0 0 0 11 10 0 0 0
0 0 0 0 0 0 0 0 0 0 2 1 0 0 0 7 6 5 0 0 12 11 10 0 0
0 0 0 0 0 0 0 0 0 0 3 2 1 0 0 8 7 6 5 0 13 12 11 10 0
0 0 0 0 0 0 0 0 0 0 4 3 2 1 0 9 8 7 6 5 14 13 12 11 10
0 0 0 0 0 0 0 0 0 0 5 0 0 0 0 10 0 0 0 0 15 0 0 0 0
0 0 0 0 0 1 0 0 0 0 6 5 0 0 0 11 10 0 0 0 16 15 0 0 0
0 0 0 0 0 2 1 0 0 0 7 6 5 0 0 12 11 10 0 0 17 16 15 0 0
0 0 0 0 0 3 2 1 0 0 8 7 6 5 0 13 12 11 10 0 18 17 16 15 0
0 0 0 0 0 4 3 2 1 0 9 8 7 6 5 14 13 12 11 10 19 18 17 16 15
0 0 0 0 0 5 0 0 0 0 10 0 0 0 0 15 0 0 0 0 20 0 0 0 0
1 0 0 0 0 6 5 0 0 0 11 10 0 0 0 16 15 0 0 0 21 20 0 0 0
2 1 0 0 0 7 6 5 0 0 12 11 10 0 0 17 16 15 0 0 22 21 20 0 0
3 2 1 0 0 8 7 6 5 0 13 12 11 10 0 18 17 16 15 0 23 22 21 20 0
4 3 2 1 0 9 8 7 6 5 14 13 12 11 10 19 18 17 16 15 24 23 22 21 20
0 0 0 0 0 0 0 0 0 0 0 0 0 0 0 0 0 0 0 0 128 0 0 0 0
0 0 0 0 0 0 0 0 0 0 0 0 0 0 0 0 0 0 0 0 128 128 0 0 0
0 0 0 0 0 0 0 0 0 0 0 0 0 0 0 0 0 0 0 0 128 128 128 0 0
0 0 0 0 0 0 0 0 0 0 0 0 0 0 0 0 0 0 0 0 128 128 128 128 0
0 0 0 0 0 0 0 0 0 0 0 0 0 0 0 0 0 0 0 0 128 128 128 128 128
0 0 0 0 0 0 0 0 0 0 0 0 0 0 0 128 0 0 0 0 128 0 0 0 0
0 0 0 0 0 0 0 0 0 0 0 0 0 0 0 128 128 0 0 0 128 128 0 0 0
0 0 0 0 0 0 0 0 0 0 0 0 0 0 0 128 128 128 0 0 128 128 128 0 0
0 0 0 0 0 0 0 0 0 0 0 0 0 0 0 128 128 128 128 0 128 128 128 128 0
0 0 0 0 0 0 0 0 0 0 0 0 0 0 0 128 128 128 128 128 128 128 128 128 128
0 0 0 0 0 0 0 0 0 0 128 0 0 0 0 128 0 0 0 0 128 0 0 0 0
0 0 0 0 0 0 0 0 0 0 128 128 0 0 0 128 128 0 0 0 128 128 0 0 0
0 0 0 0 0 0 0 0 0 0 128 128 128 0 0 128 128 128 0 0 128 128 128 0 0
0 0 0 0 0 0 0 0 0 0 128 128 128 128 0 128 128 128 128 0 128 128 128 128 0
0 0 0 0 0 0 0 0 0 0 128 128 128 128 128 128 128 128 128 128 128 128 128 128 128
0 0 0 0 0 128 0 0 0 0 128 0 0 0 0 128 0 0 0 0 128 0 0 0 0
0 0 0 0 0 128 128 0 0 0 128 128 0 0 0 128 128 0 0 0 128 128 0 0 0
0 0 0 0 0 128 128 128 0 0 128 128 128 0 0 128 128 128 0 0 128 128 128 0 0
0 0 0 0 0 128 128 128 128 0 128 128 128 128 0 128 128 128 128 0 128 128 128 128 0
0 0 0 0 0 128 128 128 128 128 128 128 128 128 128 128 128 128 128 128 128 128 128 128 128
128 0 0 0 0 128 0 0 0 0 128 0 0 0 0 128 0 0 0 0 128 0 0 0 0
128 128 0 0 0 128 128 0 0 0 128 128 0 0 0 128 128 0 0 0 128 128 0 0 0
128 128 128 0 0 128 128 128 0 0 128 128 128 0 0 128 128 128 0 0 128 128 128 0 0
128 128 128 128 0 128 128 128 128 0 128 128 128 128 0 128 128 128 128 0 128 128 128 128 0
128 128 128 128 128 128 128 128 128 128 128 128 128 128 128 128 128 128 128 128 128 128 128 128 128
0 0 0 0 0 0 0 0 0 0 0 0 0 0 0 0 0 0 0 0 170 0 0 0 0
0 0 0 0 0 0 0 0 0 0 0 0 0 0 0 0 0 0 0 0 85 170 0 0 0
0 0 0 0 0 0 0 0 0 0 0 0 0 0 0 0 0 0 0 0 170 85 170 0 0
0 0 0 0 0 0 0 0 0 0 0 0 0 0 0 0 0 0 0 0 85 170 85 170 0
0 0 0 0 0 0 0 0 0 0 0 0 0 0 0 0 0 0 0 0 170 85 170 85 170
0 0 0 0 0 0 0 0 0 0 0 0 0 0 0 170 0 0 0 0 85 0 0 0 0
0 0 0 0 0 0 0 0 0 0 0 0 0 0 0 85 170 0 0 0 170 85 0 0 0
0 0 0 0 0 0 0 0 0 0 0 0 0 0 0 170 85 170 0 0 85 170 85 0 0
0 0 0 0 0 0 0 0 0 0 0 0 0 0 0 85 170 85 170 0 170 85 170 85 0
0 0 0 0 0 0 0 0 0 0 0 0 0 0 0 170 85 170 85 170 85 170 85 170 85
0 0 0 0 0 0 0 0 0 0 170 0 0 0 0 85 0 0 0 0 170 0 0 0 0
0 0 0 0 0 0 0 0 0 0 85 170 0 0 0 170 85 0 0 0 85 170 0 0 0
0 0 0 0 0 0 0 0 0 0 170 85 170 0 0 85 170 85 0 0 170 85 170 0 0
0 0 0 0 0 0 0 0 0 0 85 170 85 170 0 170 85 170 85 0 85 170 85 170 0
0 0 0 0 0 0 0 0 0 0 170 85 170 85 170 85 170 85 170 85 170 85 170 85 170
0 0 0 0 0 170 0 0 0 0 85 0 0 0 0 170 0 0 0 0 85 0 0 0 0
0 0 0 0 0 85 170 0 0 0 170 85 0 0 0 85 170 0 0 0 170 85 0 0 0
0 0 0 0 0 170 85 170 0 0 85 170 85 0 0 170 85 170 0 0 85 170 85 0 0
0 0 0 0 0 85 170 85 170 0 170 85 170 85 0 85 170 85 170 0 170 85 170 85 0
0 0 0 0 0 170 85 170 85 170 85 170 85 170 85 170 85 170 85 170 85 170 85 170 85
170 0 0 0 0 85 0 0 0 0 170 0 0 0 0 85 0 0 0 0 170 0 0 0 0
85 170 0 0 0 170 85 0 0 0 85 170 0 0 0 170 85 0 0 0 85 170 0 0 0
170 85 170 0 0 85 170 85 0 0 170 85 170 0 0 85 170 85 0 0 170 85 170 0 0
85 170 85 170 0 170 85 170 85 0 85 170 85 170 0 170 85 170 85 0 85 170 85 170 0
170 85 170 85 170 85 170 85 170 85 170 85 170 85 170 85 170 85 170 85 170 85 170 85 170
