0 0 0 0 0 0 0 0 0
0 0 0 0 0 0 1 0 0
0 0 0 0 0 0 2 1 0
0 0 0 0 0 0 3 2 1
0 0 0 0 0 0 4 3 2
0 0 0 0 0 0 5 4 3
0 0 0 0 0 0 6 5 4
0 0 0 0 0 0 7 6 5
0 0 0 0 0 0 0 0 0
0 0 0 1 0 0 0 0 0
0 0 0 2 1 0 0 0 0
0 0 0 3 2 1 0 0 0
0 0 0 4 3 2 0 0 0
0 0 0 5 4 3 0 0 0
0 0 0 6 5 4 0 0 0
0 0 0 7 6 5 0 0 0
0 0 0 0 0 0 0 0 0
1 0 0 0 0 0 0 0 0
2 1 0 0 0 0 0 0 0
3 2 1 0 0 0 0 0 0
4 3 2 0 0 0 0 0 0
5 4 3 0 0 0 0 0 0
6 5 4 0 0 0 0 0 0
7 6 5 0 0 0 0 0 0
0 0 0 0 0 0 128 0 0
0 0 0 0 0 0 128 128 0
0 0 0 0 0 0 128 128 128
0 0 0 0 0 0 128 128 128
0 0 0 0 0 0 128 128 128
0 0 0 0 0 0 128 128 128
0 0 0 0 0 0 128 128 128
0 0 0 0 0 0 128 128 128
0 0 0 128 0 0 0 0 0
0 0 0 128 128 0 0 0 0
0 0 0 128 128 128 0 0 0
0 0 0 128 128 128 0 0 0
0 0 0 128 128 128 0 0 0
0 0 0 128 128 128 0 0 0
0 0 0 128 128 128 0 0 0
0 0 0 128 128 128 0 0 0
128 0 0 0 0 0 0 0 0
128 128 0 0 0 0 0 0 0
128 128 128 0 0 0 0 0 0
128 128 128 0 0 0 0 0 0
128 128 128 0 0 0 0 0 0
128 128 128 0 0 0 0 0 0
128 128 128 0 0 0 0 0 0
128 128 128 0 0 0 0 0 0
0 0 0 0 0 0 170 0 0
0 0 0 0 0 0 85 170 0
0 0 0 0 0 0 170 85 170
0 0 0 0 0 0 85 170 85
0 0 0 0 0 0 170 85 170
0 0 0 0 0 0 85 170 85
0 0 0 0 0 0 170 85 170
0 0 0 0 0 0 85 170 85
0 0 0 170 0 0 0 0 0
0 0 0 85 170 0 0 0 0
0 0 0 170 85 170 0 0 0
0 0 0 85 170 85 0 0 0
0 0 0 170 85 170 0 0 0
0 0 0 85 170 85 0 0 0
0 0 0 170 85 170 0 0 0
0 0 0 85 170 85 0 0 0
170 0 0 0 0 0 0 0 0
85 170 0 0 0 0 0 0 0
170 85 170 0 0 0 0 0 0
85 170 85 0 0 0 0 0 0
170 85 170 0 0 0 0 0 0
85 170 85 0 0 0 0 0 0
170 85 170 0 0 0 0 0 0
85 170 85 0 0 0 0 0 0
