0
65537
131074
196611
262148
327685
393222
458759
524296
589833
655370
720907
786444
851981
917518
983055
1048592
1114129
1179666
1245203
1310740
1376277
1441814
1507351
1572888
1638425
1703962
1769499
1835036
1900573
1966110
2031647
2097184
2162721
2228258
2293795
2359332
2424869
2490406
2555943
2621480
2687017
2752554
2818091
2883628
2949165
3014702
3080239
3145776
3211313
3276850
3342387
3407924
3473461
3538998
3604535
3670072
3735609
3801146
3866683
3932220
3997757
4063294
4128831
8388736
8388736
8388736
8388736
8388736
8388736
8388736
8388736
8388736
8388736
8388736
8388736
8388736
8388736
8388736
8388736
8388736
8388736
8388736
8388736
8388736
8388736
8388736
8388736
8388736
8388736
8388736
8388736
8388736
8388736
8388736
8388736
8388736
8388736
8388736
8388736
8388736
8388736
8388736
8388736
8388736
8388736
8388736
8388736
8388736
8388736
8388736
8388736
8388736
8388736
8388736
8388736
8388736
8388736
8388736
8388736
8388736
8388736
8388736
8388736
8388736
8388736
8388736
8388736
11141290
5570645
11141290
5570645
11141290
5570645
11141290
5570645
5570645
11141290
5570645
11141290
5570645
11141290
5570645
11141290
11141290
5570645
11141290
5570645
11141290
5570645
11141290
5570645
5570645
11141290
5570645
11141290
5570645
11141290
5570645
11141290
11141290
5570645
11141290
5570645
11141290
5570645
11141290
5570645
5570645
11141290
5570645
11141290
5570645
11141290
5570645
11141290
11141290
5570645
11141290
5570645
11141290
5570645
11141290
5570645
5570645
11141290
5570645
11141290
5570645
11141290
5570645
11141290
