0 0 0 0 0 0 0 0 0
0 0 0 0 0 0 65537 0 0
0 0 0 0 0 0 131074 65537 0
0 0 0 0 0 0 196611 131074 65537
0 0 0 0 0 0 262148 196611 131074
0 0 0 0 0 0 327685 262148 196611
0 0 0 0 0 0 393222 327685 262148
0 0 0 0 0 0 458759 393222 327685
0 0 0 0 0 0 524296 0 0
0 0 0 65537 0 0 589833 524296 0
0 0 0 131074 65537 0 655370 589833 524296
0 0 0 196611 131074 65537 720907 655370 589833
0 0 0 262148 196611 131074 786444 720907 655370
0 0 0 327685 262148 196611 851981 786444 720907
0 0 0 393222 327685 262148 917518 851981 786444
0 0 0 458759 393222 327685 983055 917518 851981
0 0 0 524296 0 0 1048592 0 0
65537 0 0 589833 524296 0 1114129 1048592 0
131074 65537 0 655370 589833 524296 1179666 1114129 1048592
196611 131074 65537 720907 655370 589833 1245203 1179666 1114129
262148 196611 131074 786444 720907 655370 1310740 1245203 1179666
327685 262148 196611 851981 786444 720907 1376277 1310740 1245203
393222 327685 262148 917518 851981 786444 1441814 1376277 1310740
458759 393222 327685 983055 917518 851981 1507351 1441814 1376277
524296 0 0 1048592 0 0 1572888 0 0
589833 524296 0 1114129 1048592 0 1638425 1572888 0
655370 589833 524296 1179666 1114129 1048592 1703962 1638425 1572888
720907 655370 589833 1245203 1179666 1114129 1769499 1703962 1638425
786444 720907 655370 1310740 1245203 1179666 1835036 1769499 1703962
851981 786444 720907 1376277 1310740 1245203 1900573 1835036 1769499
917518 851981 786444 1441814 1376277 1310740 1966110 1900573 1835036
983055 917518 851981 1507351 1441814 1376277 2031647 1966110 1900573
1048592 0 0 1572888 0 0 2097184 0 0
1114129 1048592 0 1638425 1572888 0 2162721 2097184 0
1179666 1114129 1048592 1703962 1638425 1572888 2228258 2162721 2097184
1245203 1179666 1114129 1769499 1703962 1638425 2293795 2228258 2162721
1310740 1245203 1179666 1835036 1769499 1703962 2359332 2293795 2228258
1376277 1310740 1245203 1900573 1835036 1769499 2424869 2359332 2293795
1441814 1376277 1310740 1966110 1900573 1835036 2490406 2424869 2359332
1507351 1441814 1376277 2031647 1966110 1900573 2555943 2490406 2424869
1572888 0 0 2097184 0 0 2621480 0 0
1638425 1572888 0 2162721 2097184 0 2687017 2621480 0
1703962 1638425 1572888 2228258 2162721 2097184 2752554 2687017 2621480
1769499 1703962 1638425 2293795 2228258 2162721 2818091 2752554 2687017
1835036 1769499 1703962 2359332 2293795 2228258 2883628 2818091 2752554
1900573 1835036 1769499 2424869 2359332 2293795 2949165 2883628 2818091
1966110 1900573 1835036 2490406 2424869 2359332 3014702 2949165 2883628
2031647 1966110 1900573 2555943 2490406 2424869 3080239 3014702 2949165
2097184 0 0 2621480 0 0 3145776 0 0
2162721 2097184 0 2687017 2621480 0 3211313 3145776 0
2228258 2162721 2097184 2752554 2687017 2621480 3276850 3211313 3145776
2293795 2228258 2162721 2818091 2752554 2687017 3342387 3276850 3211313
2359332 2293795 2228258 2883628 2818091 2752554 3407924 3342387 3276850
2424869 2359332 2293795 2949165 2883628 2818091 3473461 3407924 3342387
2490406 2424869 2359332 3014702 2949165 2883628 3538998 3473461 3407924
2555943 2490406 2424869 3080239 3014702 2949165 3604535 3538998 3473461
2621480 0 0 3145776 0 0 3670072 0 0
2687017 2621480 0 3211313 3145776 0 3735609 3670072 0
2752554 2687017 2621480 3276850 3211313 3145776 3801146 3735609 3670072
2818091 2752554 2687017 3342387 3276850 3211313 3866683 3801146 3735609
2883628 2818091 2752554 3407924 3342387 3276850 3932220 3866683 3801146
2949165 2883628 2818091 3473461 3407924 3342387 3997757 3932220 3866683
3014702 2949165 2883628 3538998 3473461 3407924 4063294 3997757 3932220
3080239 3014702 2949165 3604535 3538998 3473461 4128831 4063294 3997757
0 0 0 0 0 0 8388736 0 0
0 0 0 0 0 0 8388736 8388736 0
0 0 0 0 0 0 8388736 8388736 8388736
0 0 0 0 0 0 8388736 8388736 8388736
0 0 0 0 0 0 8388736 8388736 8388736
0 0 0 0 0 0 8388736 8388736 8388736
0 0 0 0 0 0 8388736 8388736 8388736
0 0 0 0 0 0 8388736 8388736 8388736
0 0 0 8388736 0 0 8388736 0 0
0 0 0 8388736 8388736 0 8388736 8388736 0
0 0 0 8388736 8388736 8388736 8388736 8388736 8388736
0 0 0 8388736 8388736 8388736 8388736 8388736 8388736
0 0 0 8388736 8388736 8388736 8388736 8388736 8388736
0 0 0 8388736 8388736 8388736 8388736 8388736 8388736
0 0 0 8388736 8388736 8388736 8388736 8388736 8388736
0 0 0 8388736 8388736 8388736 8388736 8388736 8388736
8388736 0 0 8388736 0 0 8388736 0 0
8388736 8388736 0 8388736 8388736 0 8388736 8388736 0
8388736 8388736 8388736 8388736 8388736 8388736 8388736 8388736 8388736
8388736 8388736 8388736 8388736 8388736 8388736 8388736 8388736 8388736
8388736 8388736 8388736 8388736 8388736 8388736 8388736 8388736 8388736
8388736 8388736 8388736 8388736 8388736 8388736 8388736 8388736 8388736
8388736 8388736 8388736 8388736 8388736 8388736 8388736 8388736 8388736
8388736 8388736 8388736 8388736 8388736 8388736 8388736 8388736 8388736
8388736 0 0 8388736 0 0 8388736 0 0
8388736 8388736 0 8388736 8388736 0 8388736 8388736 0
8388736 8388736 8388736 8388736 8388736 8388736 8388736 8388736 8388736
8388736 8388736 8388736 8388736 8388736 8388736 8388736 8388736 8388736
8388736 8388736 8388736 8388736 8388736 8388736 8388736 8388736 8388736
8388736 8388736 8388736 8388736 8388736 8388736 8388736 8388736 8388736
8388736 8388736 8388736 8388736 8388736 8388736 8388736 8388736 8388736
8388736 8388736 8388736 8388736 8388736 8388736 8388736 8388736 8388736
8388736 0 0 8388736 0 0 8388736 0 0
8388736 8388736 0 8388736 8388736 0 8388736 8388736 0
8388736 8388736 8388736 8388736 8388736 8388736 8388736 8388736 8388736
8388736 8388736 8388736 8388736 8388736 8388736 8388736 8388736 8388736
8388736 8388736 8388736 8388736 8388736 8388736 8388736 8388736 8388736
8388736 8388736 8388736 8388736 8388736 8388736 8388736 8388736 8388736
8388736 8388736 8388736 8388736 8388736 8388736 8388736 8388736 8388736
8388736 8388736 8388736 8388736 8388736 8388736 8388736 8388736 8388736
8388736 0 0 8388736 0 0 8388736 0 0
8388736 8388736 0 8388736 8388736 0 8388736 8388736 0
8388736 8388736 8388736 8388736 8388736 8388736 8388736 8388736 8388736
8388736 8388736 8388736 8388736 8388736 8388736 8388736 8388736 8388736
8388736 8388736 8388736 8388736 8388736 8388736 8388736 8388736 8388736
8388736 8388736 8388736 8388736 8388736 8388736 8388736 8388736 8388736
8388736 8388736 8388736 8388736 8388736 8388736 8388736 8388736 8388736
8388736 8388736 8388736 8388736 8388736 8388736 8388736 8388736 8388736
8388736 0 0 8388736 0 0 8388736 0 0
8388736 8388736 0 8388736 8388736 0 8388736 8388736 0
8388736 8388736 8388736 8388736 8388736 8388736 8388736 8388736 8388736
8388736 8388736 8388736 8388736 8388736 8388736 8388736 8388736 8388736
8388736 8388736 8388736 8388736 8388736 8388736 8388736 8388736 8388736
8388736 8388736 8388736 8388736 8388736 8388736 8388736 8388736 8388736
8388736 8388736 8388736 8388736 8388736 8388736 8388736 8388736 8388736
8388736 8388736 8388736 8388736 8388736 8388736 8388736 8388736 8388736
8388736 0 0 8388736 0 0 8388736 0 0
8388736 8388736 0 8388736 8388736 0 8388736 8388736 0
8388736 8388736 8388736 8388736 8388736 8388736 8388736 8388736 8388736
8388736 8388736 8388736 8388736 8388736 8388736 8388736 8388736 8388736
8388736 8388736 8388736 8388736 8388736 8388736 8388736 8388736 8388736
8388736 8388736 8388736 8388736 8388736 8388736 8388736 8388736 8388736
8388736 8388736 8388736 8388736 8388736 8388736 8388736 8388736 8388736
8388736 8388736 8388736 8388736 8388736 8388736 8388736 8388736 8388736
0 0 0 0 0 0 11141290 0 0
0 0 0 0 0 0 5570645 11141290 0
0 0 0 0 0 0 11141290 5570645 11141290
0 0 0 0 0 0 5570645 11141290 5570645
0 0 0 0 0 0 11141290 5570645 11141290
0 0 0 0 0 0 5570645 11141290 5570645
0 0 0 0 0 0 11141290 5570645 11141290
0 0 0 0 0 0 5570645 11141290 5570645
0 0 0 11141290 0 0 5570645 0 0
0 0 0 5570645 11141290 0 11141290 5570645 0
0 0 0 11141290 5570645 11141290 5570645 11141290 5570645
0 0 0 5570645 11141290 5570645 11141290 5570645 11141290
0 0 0 11141290 5570645 11141290 5570645 11141290 5570645
0 0 0 5570645 11141290 5570645 11141290 5570645 11141290
0 0 0 11141290 5570645 11141290 5570645 11141290 5570645
0 0 0 5570645 11141290 5570645 11141290 5570645 11141290
11141290 0 0 5570645 0 0 11141290 0 0
5570645 11141290 0 11141290 5570645 0 5570645 11141290 0
11141290 5570645 11141290 5570645 11141290 5570645 11141290 5570645 11141290
5570645 11141290 5570645 11141290 5570645 11141290 5570645 11141290 5570645
11141290 5570645 11141290 5570645 11141290 5570645 11141290 5570645 11141290
5570645 11141290 5570645 11141290 5570645 11141290 5570645 11141290 5570645
11141290 5570645 11141290 5570645 11141290 5570645 11141290 5570645 11141290
5570645 11141290 5570645 11141290 5570645 11141290 5570645 11141290 5570645
5570645 0 0 11141290 0 0 5570645 0 0
11141290 5570645 0 5570645 11141290 0 11141290 5570645 0
5570645 11141290 5570645 11141290 5570645 11141290 5570645 11141290 5570645
11141290 5570645 11141290 5570645 11141290 5570645 11141290 5570645 11141290
5570645 11141290 5570645 11141290 5570645 11141290 5570645 11141290 5570645
11141290 5570645 11141290 5570645 11141290 5570645 11141290 5570645 11141290
5570645 11141290 5570645 11141290 5570645 11141290 5570645 11141290 5570645
11141290 5570645 11141290 5570645 11141290 5570645 11141290 5570645 11141290
11141290 0 0 5570645 0 0 11141290 0 0
5570645 11141290 0 11141290 5570645 0 5570645 11141290 0
11141290 5570645 11141290 5570645 11141290 5570645 11141290 5570645 11141290
5570645 11141290 5570645 11141290 5570645 11141290 5570645 11141290 5570645
11141290 5570645 11141290 5570645 11141290 5570645 11141290 5570645 11141290
5570645 11141290 5570645 11141290 5570645 11141290 5570645 11141290 5570645
11141290 5570645 11141290 5570645 11141290 5570645 11141290 5570645 11141290
5570645 11141290 5570645 11141290 5570645 11141290 5570645 11141290 5570645
5570645 0 0 11141290 0 0 5570645 0 0
11141290 5570645 0 5570645 11141290 0 11141290 5570645 0
5570645 11141290 5570645 11141290 5570645 11141290 5570645 11141290 5570645
11141290 5570645 11141290 5570645 11141290 5570645 11141290 5570645 11141290
5570645 11141290 5570645 11141290 5570645 11141290 5570645 11141290 5570645
11141290 5570645 11141290 5570645 11141290 5570645 11141290 5570645 11141290
5570645 11141290 5570645 11141290 5570645 11141290 5570645 11141290 5570645
11141290 5570645 11141290 5570645 11141290 5570645 11141290 5570645 11141290
11141290 0 0 5570645 0 0 11141290 0 0
5570645 11141290 0 11141290 5570645 0 5570645 11141290 0
11141290 5570645 11141290 5570645 11141290 5570645 11141290 5570645 11141290
5570645 11141290 5570645 11141290 5570645 11141290 5570645 11141290 5570645
11141290 5570645 11141290 5570645 11141290 5570645 11141290 5570645 11141290
5570645 11141290 5570645 11141290 5570645 11141290 5570645 11141290 5570645
11141290 5570645 11141290 5570645 11141290 5570645 11141290 5570645 11141290
5570645 11141290 5570645 11141290 5570645 11141290 5570645 11141290 5570645
5570645 0 0 11141290 0 0 5570645 0 0
11141290 5570645 0 5570645 11141290 0 11141290 5570645 0
5570645 11141290 5570645 11141290 5570645 11141290 5570645 11141290 5570645
11141290 5570645 11141290 5570645 11141290 5570645 11141290 5570645 11141290
5570645 11141290 5570645 11141290 5570645 11141290 5570645 11141290 5570645
11141290 5570645 11141290 5570645 11141290 5570645 11141290 5570645 11141290
5570645 11141290 5570645 11141290 5570645 11141290 5570645 11141290 5570645
11141290 5570645 11141290 5570645 11141290 5570645 11141290 5570645 11141290
