0 0 65537 0 0 65537 524296 524296 589833
0 65537 131074 0 65537 131074 524296 589833 655370
65537 131074 196611 65537 131074 196611 589833 655370 720907
131074 196611 262148 131074 196611 262148 655370 720907 786444
196611 262148 327685 196611 262148 327685 720907 786444 851981
262148 327685 393222 262148 327685 393222 786444 851981 917518
327685 393222 458759 327685 393222 458759 851981 917518 983055
393222 458759 458759 393222 458759 458759 917518 983055 983055
0 0 65537 524296 524296 589833 1048592 1048592 1114129
0 65537 131074 524296 589833 655370 1048592 1114129 1179666
65537 131074 196611 589833 655370 720907 1114129 1179666 1245203
131074 196611 262148 655370 720907 786444 1179666 1245203 1310740
196611 262148 327685 720907 786444 851981 1245203 1310740 1376277
262148 327685 393222 786444 851981 917518 1310740 1376277 1441814
327685 393222 458759 851981 917518 983055 1376277 1441814 1507351
393222 458759 458759 917518 983055 983055 1441814 1507351 1507351
524296 524296 589833 1048592 1048592 1114129 1572888 1572888 1638425
524296 589833 655370 1048592 1114129 1179666 1572888 1638425 1703962
589833 655370 720907 1114129 1179666 1245203 1638425 1703962 1769499
655370 720907 786444 1179666 1245203 1310740 1703962 1769499 1835036
720907 786444 851981 1245203 1310740 1376277 1769499 1835036 1900573
786444 851981 917518 1310740 1376277 1441814 1835036 1900573 1966110
851981 917518 983055 1376277 1441814 1507351 1900573 1966110 2031647
917518 983055 983055 1441814 1507351 1507351 1966110 2031647 2031647
1048592 1048592 1114129 1572888 1572888 1638425 2097184 2097184 2162721
1048592 1114129 1179666 1572888 1638425 1703962 2097184 2162721 2228258
1114129 1179666 1245203 1638425 1703962 1769499 2162721 2228258 2293795
1179666 1245203 1310740 1703962 1769499 1835036 2228258 2293795 2359332
1245203 1310740 1376277 1769499 1835036 1900573 2293795 2359332 2424869
1310740 1376277 1441814 1835036 1900573 1966110 2359332 2424869 2490406
1376277 1441814 1507351 1900573 1966110 2031647 2424869 2490406 2555943
1441814 1507351 1507351 1966110 2031647 2031647 2490406 2555943 2555943
1572888 1572888 1638425 2097184 2097184 2162721 2621480 2621480 2687017
1572888 1638425 1703962 2097184 2162721 2228258 2621480 2687017 2752554
1638425 1703962 1769499 2162721 2228258 2293795 2687017 2752554 2818091
1703962 1769499 1835036 2228258 2293795 2359332 2752554 2818091 2883628
1769499 1835036 1900573 2293795 2359332 2424869 2818091 2883628 2949165
1835036 1900573 1966110 2359332 2424869 2490406 2883628 2949165 3014702
1900573 1966110 2031647 2424869 2490406 2555943 2949165 3014702 3080239
1966110 2031647 2031647 2490406 2555943 2555943 3014702 3080239 3080239
2097184 2097184 2162721 2621480 2621480 2687017 3145776 3145776 3211313
2097184 2162721 2228258 2621480 2687017 2752554 3145776 3211313 3276850
2162721 2228258 2293795 2687017 2752554 2818091 3211313 3276850 3342387
2228258 2293795 2359332 2752554 2818091 2883628 3276850 3342387 3407924
2293795 2359332 2424869 2818091 2883628 2949165 3342387 3407924 3473461
2359332 2424869 2490406 2883628 2949165 3014702 3407924 3473461 3538998
2424869 2490406 2555943 2949165 3014702 3080239 3473461 3538998 3604535
2490406 2555943 2555943 3014702 3080239 3080239 3538998 3604535 3604535
2621480 2621480 2687017 3145776 3145776 3211313 3670072 3670072 3735609
2621480 2687017 2752554 3145776 3211313 3276850 3670072 3735609 3801146
2687017 2752554 2818091 3211313 3276850 3342387 3735609 3801146 3866683
2752554 2818091 2883628 3276850 3342387 3407924 3801146 3866683 3932220
2818091 2883628 2949165 3342387 3407924 3473461 3866683 3932220 3997757
2883628 2949165 3014702 3407924 3473461 3538998 3932220 3997757 4063294
2949165 3014702 3080239 3473461 3538998 3604535 3997757 4063294 4128831
3014702 3080239 3080239 3538998 3604535 3604535 4063294 4128831 4128831
8388736 8388736 8388736 8388736 8388736 8388736 8388736 8388736 8388736
8388736 8388736 8388736 8388736 8388736 8388736 8388736 8388736 8388736
8388736 8388736 8388736 8388736 8388736 8388736 8388736 8388736 8388736
8388736 8388736 8388736 8388736 8388736 8388736 8388736 8388736 8388736
8388736 8388736 8388736 8388736 8388736 8388736 8388736 8388736 8388736
8388736 8388736 8388736 8388736 8388736 8388736 8388736 8388736 8388736
8388736 8388736 8388736 8388736 8388736 8388736 8388736 8388736 8388736
8388736 8388736 8388736 8388736 8388736 8388736 8388736 8388736 8388736
8388736 8388736 8388736 8388736 8388736 8388736 8388736 8388736 8388736
8388736 8388736 8388736 8388736 8388736 8388736 8388736 8388736 8388736
8388736 8388736 8388736 8388736 8388736 8388736 8388736 8388736 8388736
8388736 8388736 8388736 8388736 8388736 8388736 8388736 8388736 8388736
8388736 8388736 8388736 8388736 8388736 8388736 8388736 8388736 8388736
8388736 8388736 8388736 8388736 8388736 8388736 8388736 8388736 8388736
8388736 8388736 8388736 8388736 8388736 8388736 8388736 8388736 8388736
8388736 8388736 8388736 8388736 8388736 8388736 8388736 8388736 8388736
8388736 8388736 8388736 8388736 8388736 8388736 8388736 8388736 8388736
8388736 8388736 8388736 8388736 8388736 8388736 8388736 8388736 8388736
8388736 8388736 8388736 8388736 8388736 8388736 8388736 8388736 8388736
8388736 8388736 8388736 8388736 8388736 8388736 8388736 8388736 8388736
8388736 8388736 8388736 8388736 8388736 8388736 8388736 8388736 8388736
8388736 8388736 8388736 8388736 8388736 8388736 8388736 8388736 8388736
8388736 8388736 8388736 8388736 8388736 8388736 8388736 8388736 8388736
8388736 8388736 8388736 8388736 8388736 8388736 8388736 8388736 8388736
8388736 8388736 8388736 8388736 8388736 8388736 8388736 8388736 8388736
8388736 8388736 8388736 8388736 8388736 8388736 8388736 8388736 8388736
8388736 8388736 8388736 8388736 8388736 8388736 8388736 8388736 8388736
8388736 8388736 8388736 8388736 8388736 8388736 8388736 8388736 8388736
8388736 8388736 8388736 8388736 8388736 8388736 8388736 8388736 8388736
8388736 8388736 8388736 8388736 8388736 8388736 8388736 8388736 8388736
8388736 8388736 8388736 8388736 8388736 8388736 8388736 8388736 8388736
8388736 8388736 8388736 8388736 8388736 8388736 8388736 8388736 8388736
8388736 8388736 8388736 8388736 8388736 8388736 8388736 8388736 8388736
8388736 8388736 8388736 8388736 8388736 8388736 8388736 8388736 8388736
8388736 8388736 8388736 8388736 8388736 8388736 8388736 8388736 8388736
8388736 8388736 8388736 8388736 8388736 8388736 8388736 8388736 8388736
8388736 8388736 8388736 8388736 8388736 8388736 8388736 8388736 8388736
8388736 8388736 8388736 8388736 8388736 8388736 8388736 8388736 8388736
8388736 8388736 8388736 8388736 8388736 8388736 8388736 8388736 8388736
8388736 8388736 8388736 8388736 8388736 8388736 8388736 8388736 8388736
8388736 8388736 8388736 8388736 8388736 8388736 8388736 8388736 8388736
8388736 8388736 8388736 8388736 8388736 8388736 8388736 8388736 8388736
8388736 8388736 8388736 8388736 8388736 8388736 8388736 8388736 8388736
8388736 8388736 8388736 8388736 8388736 8388736 8388736 8388736 8388736
8388736 8388736 8388736 8388736 8388736 8388736 8388736 8388736 8388736
8388736 8388736 8388736 8388736 8388736 8388736 8388736 8388736 8388736
8388736 8388736 8388736 8388736 8388736 8388736 8388736 8388736 8388736
8388736 8388736 8388736 8388736 8388736 8388736 8388736 8388736 8388736
8388736 8388736 8388736 8388736 8388736 8388736 8388736 8388736 8388736
8388736 8388736 8388736 8388736 8388736 8388736 8388736 8388736 8388736
8388736 8388736 8388736 8388736 8388736 8388736 8388736 8388736 8388736
8388736 8388736 8388736 8388736 8388736 8388736 8388736 8388736 8388736
8388736 8388736 8388736 8388736 8388736 8388736 8388736 8388736 8388736
8388736 8388736 8388736 8388736 8388736 8388736 8388736 8388736 8388736
8388736 8388736 8388736 8388736 8388736 8388736 8388736 8388736 8388736
8388736 8388736 8388736 8388736 8388736 8388736 8388736 8388736 8388736
11141290 11141290 5570645 11141290 11141290 5570645 5570645 5570645 11141290
11141290 5570645 11141290 11141290 5570645 11141290 5570645 11141290 5570645
5570645 11141290 5570645 5570645 11141290 5570645 11141290 5570645 11141290
11141290 5570645 11141290 11141290 5570645 11141290 5570645 11141290 5570645
5570645 11141290 5570645 5570645 11141290 5570645 11141290 5570645 11141290
11141290 5570645 11141290 11141290 5570645 11141290 5570645 11141290 5570645
5570645 11141290 5570645 5570645 11141290 5570645 11141290 5570645 11141290
11141290 5570645 5570645 11141290 5570645 5570645 5570645 11141290 11141290
11141290 11141290 5570645 5570645 5570645 11141290 11141290 11141290 5570645
11141290 5570645 11141290 5570645 11141290 5570645 11141290 5570645 11141290
5570645 11141290 5570645 11141290 5570645 11141290 5570645 11141290 5570645
11141290 5570645 11141290 5570645 11141290 5570645 11141290 5570645 11141290
5570645 11141290 5570645 11141290 5570645 11141290 5570645 11141290 5570645
11141290 5570645 11141290 5570645 11141290 5570645 11141290 5570645 11141290
5570645 11141290 5570645 11141290 5570645 11141290 5570645 11141290 5570645
11141290 5570645 5570645 5570645 11141290 11141290 11141290 5570645 5570645
5570645 5570645 11141290 11141290 11141290 5570645 5570645 5570645 11141290
5570645 11141290 5570645 11141290 5570645 11141290 5570645 11141290 5570645
11141290 5570645 11141290 5570645 11141290 5570645 11141290 5570645 11141290
5570645 11141290 5570645 11141290 5570645 11141290 5570645 11141290 5570645
11141290 5570645 11141290 5570645 11141290 5570645 11141290 5570645 11141290
5570645 11141290 5570645 11141290 5570645 11141290 5570645 11141290 5570645
11141290 5570645 11141290 5570645 11141290 5570645 11141290 5570645 11141290
5570645 11141290 11141290 11141290 5570645 5570645 5570645 11141290 11141290
11141290 11141290 5570645 5570645 5570645 11141290 11141290 11141290 5570645
11141290 5570645 11141290 5570645 11141290 5570645 11141290 5570645 11141290
5570645 11141290 5570645 11141290 5570645 11141290 5570645 11141290 5570645
11141290 5570645 11141290 5570645 11141290 5570645 11141290 5570645 11141290
5570645 11141290 5570645 11141290 5570645 11141290 5570645 11141290 5570645
11141290 5570645 11141290 5570645 11141290 5570645 11141290 5570645 11141290
5570645 11141290 5570645 11141290 5570645 11141290 5570645 11141290 5570645
11141290 5570645 5570645 5570645 11141290 11141290 11141290 5570645 5570645
5570645 5570645 11141290 11141290 11141290 5570645 5570645 5570645 11141290
5570645 11141290 5570645 11141290 5570645 11141290 5570645 11141290 5570645
11141290 5570645 11141290 5570645 11141290 5570645 11141290 5570645 11141290
5570645 11141290 5570645 11141290 5570645 11141290 5570645 11141290 5570645
11141290 5570645 11141290 5570645 11141290 5570645 11141290 5570645 11141290
5570645 11141290 5570645 11141290 5570645 11141290 5570645 11141290 5570645
11141290 5570645 11141290 5570645 11141290 5570645 11141290 5570645 11141290
5570645 11141290 11141290 11141290 5570645 5570645 5570645 11141290 11141290
11141290 11141290 5570645 5570645 5570645 11141290 11141290 11141290 5570645
11141290 5570645 11141290 5570645 11141290 5570645 11141290 5570645 11141290
5570645 11141290 5570645 11141290 5570645 11141290 5570645 11141290 5570645
11141290 5570645 11141290 5570645 11141290 5570645 11141290 5570645 11141290
5570645 11141290 5570645 11141290 5570645 11141290 5570645 11141290 5570645
11141290 5570645 11141290 5570645 11141290 5570645 11141290 5570645 11141290
5570645 11141290 5570645 11141290 5570645 11141290 5570645 11141290 5570645
11141290 5570645 5570645 5570645 11141290 11141290 11141290 5570645 5570645
5570645 5570645 11141290 11141290 11141290 5570645 5570645 5570645 11141290
5570645 11141290 5570645 11141290 5570645 11141290 5570645 11141290 5570645
11141290 5570645 11141290 5570645 11141290 5570645 11141290 5570645 11141290
5570645 11141290 5570645 11141290 5570645 11141290 5570645 11141290 5570645
11141290 5570645 11141290 5570645 11141290 5570645 11141290 5570645 11141290
5570645 11141290 5570645 11141290 5570645 11141290 5570645 11141290 5570645
11141290 5570645 11141290 5570645 11141290 5570645 11141290 5570645 11141290
5570645 11141290 11141290 11141290 5570645 5570645 5570645 11141290 11141290
