0 0 0 0 0 0 0 0 0 0 0 0 0 0 0 0 0 0 0 0 0 0 0 0 0
0 0 0 0 0 0 0 0 0 0 0 0 0 0 0 0 0 0 0 0 65537 0 0 0 0
0 0 0 0 0 0 0 0 0 0 0 0 0 0 0 0 0 0 0 0 131074 65537 0 0 0
0 0 0 0 0 0 0 0 0 0 0 0 0 0 0 0 0 0 0 0 196611 131074 65537 0 0
0 0 0 0 0 0 0 0 0 0 0 0 0 0 0 0 0 0 0 0 262148 196611 131074 65537 0
0 0 0 0 0 0 0 0 0 0 0 0 0 0 0 0 0 0 0 0 327685 262148 196611 131074 65537
0 0 0 0 0 0 0 0 0 0 0 0 0 0 0 0 0 0 0 0 393222 327685 262148 196611 131074
0 0 0 0 0 0 0 0 0 0 0 0 0 0 0 0 0 0 0 0 458759 393222 327685 262148 196611
0 0 0 0 0 0 0 0 0 0 0 0 0 0 0 0 0 0 0 0 524296 0 0 0 0
0 0 0 0 0 0 0 0 0 0 0 0 0 0 0 65537 0 0 0 0 589833 524296 0 0 0
0 0 0 0 0 0 0 0 0 0 0 0 0 0 0 131074 65537 0 0 0 655370 589833 524296 0 0
0 0 0 0 0 0 0 0 0 0 0 0 0 0 0 196611 131074 65537 0 0 720907 655370 589833 524296 0
0 0 0 0 0 0 0 0 0 0 0 0 0 0 0 262148 196611 131074 65537 0 786444 720907 655370 589833 524296
0 0 0 0 0 0 0 0 0 0 0 0 0 0 0 327685 262148 196611 131074 65537 851981 786444 720907 655370 589833
0 0 0 0 0 0 0 0 0 0 0 0 0 0 0 393222 327685 262148 196611 131074 917518 851981 786444 720907 655370
0 0 0 0 0 0 0 0 0 0 0 0 0 0 0 458759 393222 327685 262148 196611 983055 917518 851981 786444 720907
0 0 0 0 0 0 0 0 0 0 0 0 0 0 0 524296 0 0 0 0 1048592 0 0 0 0
0 0 0 0 0 0 0 0 0 0 65537 0 0 0 0 589833 524296 0 0 0 1114129 1048592 0 0 0
0 0 0 0 0 0 0 0 0 0 131074 65537 0 0 0 655370 589833 524296 0 0 1179666 1114129 1048592 0 0
0 0 0 0 0 0 0 0 0 0 196611 131074 65537 0 0 720907 655370 589833 524296 0 1245203 1179666 1114129 1048592 0
0 0 0 0 0 0 0 0 0 0 262148 196611 131074 65537 0 786444 720907 655370 589833 524296 1310740 1245203 1179666 1114129 1048592
0 0 0 0 0 0 0 0 0 0 327685 262148 196611 131074 65537 851981 786444 720907 655370 589833 1376277 1310740 1245203 1179666 1114129
0 0 0 0 0 0 0 0 0 0 393222 327685 262148 196611 131074 917518 851981 786444 720907 655370 1441814 1376277 1310740 1245203 1179666
0 0 0 0 0 0 0 0 0 0 458759 393222 327685 262148 196611 983055 917518 851981 786444 720907 1507351 1441814 1376277 1310740 1245203
0 0 0 0 0 0 0 0 0 0 524296 0 0 0 0 1048592 0 0 0 0 1572888 0 0 0 0
0 0 0 0 0 65537 0 0 0 0 589833 524296 0 0 0 1114129 1048592 0 0 0 1638425 1572888 0 0 0
0 0 0 0 0 131074 65537 0 0 0 655370 589833 524296 0 0 1179666 1114129 1048592 0 0 1703962 1638425 1572888 0 0
0 0 0 0 0 196611 131074 65537 0 0 720907 655370 589833 524296 0 1245203 1179666 1114129 1048592 0 1769499 1703962 1638425 1572888 0
0 0 0 0 0 262148 196611 131074 65537 0 786444 720907 655370 589833 524296 1310740 1245203 1179666 1114129 1048592 1835036 1769499 1703962 1638425 1572888
0 0 0 0 0 327685 262148 196611 131074 65537 851981 786444 720907 655370 589833 1376277 1310740 1245203 1179666 1114129 1900573 1835036 1769499 1703962 1638425
0 0 0 0 0 393222 327685 262148 196611 131074 917518 851981 786444 720907 655370 1441814 1376277 1310740 1245203 1179666 1966110 1900573 1835036 1769499 1703962
0 0 0 0 0 458759 393222 327685 262148 196611 983055 917518 851981 786444 720907 1507351 1441814 1376277 1310740 1245203 2031647 1966110 1900573 1835036 1769499
0 0 0 0 0 524296 0 0 0 0 1048592 0 0 0 0 1572888 0 0 0 0 2097184 0 0 0 0
65537 0 0 0 0 589833 524296 0 0 0 1114129 1048592 0 0 0 1638425 1572888 0 0 0 2162721 2097184 0 0 0
131074 65537 0 0 0 655370 589833 524296 0 0 1179666 1114129 1048592 0 0 1703962 1638425 1572888 0 0 2228258 2162721 2097184 0 0
196611 131074 65537 0 0 720907 655370 589833 524296 0 1245203 1179666 1114129 1048592 0 1769499 1703962 1638425 1572888 0 2293795 2228258 2162721 2097184 0
262148 196611 131074 65537 0 786444 720907 655370 589833 524296 1310740 1245203 1179666 1114129 1048592 1835036 1769499 1703962 1638425 1572888 2359332 2293795 2228258 2162721 2097184
327685 262148 196611 131074 65537 851981 786444 720907 655370 589833 1376277 1310740 1245203 1179666 1114129 1900573 1835036 1769499 1703962 1638425 2424869 2359332 2293795 2228258 2162721
393222 327685 262148 196611 131074 917518 851981 786444 720907 655370 1441814 1376277 1310740 1245203 1179666 1966110 1900573 1835036 1769499 1703962 2490406 2424869 2359332 2293795 2228258
458759 393222 327685 262148 196611 983055 917518 851981 786444 720907 1507351 1441814 1376277 1310740 1245203 2031647 1966110 1900573 1835036 1769499 2555943 2490406 2424869 2359332 2293795
524296 0 0 0 0 1048592 0 0 0 0 1572888 0 0 0 0 2097184 0 0 0 0 2621480 0 0 0 0
589833 524296 0 0 0 1114129 1048592 0 0 0 1638425 1572888 0 0 0 2162721 2097184 0 0 0 2687017 2621480 0 0 0
655370 589833 524296 0 0 1179666 1114129 1048592 0 0 1703962 1638425 1572888 0 0 2228258 2162721 2097184 0 0 2752554 2687017 2621480 0 0
720907 655370 589833 524296 0 1245203 1179666 1114129 1048592 0 1769499 1703962 1638425 1572888 0 2293795 2228258 2162721 2097184 0 2818091 2752554 2687017 2621480 0
786444 720907 655370 589833 524296 1310740 1245203 1179666 1114129 1048592 1835036 1769499 1703962 1638425 1572888 2359332 2293795 2228258 2162721 2097184 2883628 2818091 2752554 2687017 2621480
851981 786444 720907 655370 589833 1376277 1310740 1245203 1179666 1114129 1900573 1835036 1769499 1703962 1638425 2424869 2359332 2293795 2228258 2162721 2949165 2883628 2818091 2752554 2687017
917518 851981 786444 720907 655370 1441814 1376277 1310740 1245203 1179666 1966110 1900573 1835036 1769499 1703962 2490406 2424869 2359332 2293795 2228258 3014702 2949165 2883628 2818091 2752554
983055 917518 851981 786444 720907 1507351 1441814 1376277 1310740 1245203 2031647 1966110 1900573 1835036 1769499 2555943 2490406 2424869 2359332 2293795 3080239 3014702 2949165 2883628 2818091
1048592 0 0 0 0 1572888 0 0 0 0 2097184 0 0 0 0 2621480 0 0 0 0 3145776 0 0 0 0
1114129 1048592 0 0 0 1638425 1572888 0 0 0 2162721 2097184 0 0 0 2687017 2621480 0 0 0 3211313 3145776 0 0 0
1179666 1114129 1048592 0 0 1703962 1638425 1572888 0 0 2228258 2162721 2097184 0 0 2752554 2687017 2621480 0 0 3276850 3211313 3145776 0 0
1245203 1179666 1114129 1048592 0 1769499 1703962 1638425 1572888 0 2293795 2228258 2162721 2097184 0 2818091 2752554 2687017 2621480 0 3342387 3276850 3211313 3145776 0
1310740 1245203 1179666 1114129 1048592 1835036 1769499 1703962 1638425 1572888 2359332 2293795 2228258 2162721 2097184 2883628 2818091 2752554 2687017 2621480 3407924 3342387 3276850 3211313 3145776
1376277 1310740 1245203 1179666 1114129 1900573 1835036 1769499 1703962 1638425 2424869 2359332 2293795 2228258 2162721 2949165 2883628 2818091 2752554 2687017 3473461 3407924 3342387 3276850 3211313
1441814 1376277 1310740 1245203 1179666 1966110 1900573 1835036 1769499 1703962 2490406 2424869 2359332 2293795 2228258 3014702 2949165 2883628 2818091 2752554 3538998 3473461 3407924 3342387 3276850
1507351 1441814 1376277 1310740 1245203 2031647 1966110 1900573 1835036 1769499 2555943 2490406 2424869 2359332 2293795 3080239 3014702 2949165 2883628 2818091 3604535 3538998 3473461 3407924 3342387
1572888 0 0 0 0 2097184 0 0 0 0 2621480 0 0 0 0 3145776 0 0 0 0 3670072 0 0 0 0
1638425 1572888 0 0 0 2162721 2097184 0 0 0 2687017 2621480 0 0 0 3211313 3145776 0 0 0 3735609 3670072 0 0 0
1703962 1638425 1572888 0 0 2228258 2162721 2097184 0 0 2752554 2687017 2621480 0 0 3276850 3211313 3145776 0 0 3801146 3735609 3670072 0 0
1769499 1703962 1638425 1572888 0 2293795 2228258 2162721 2097184 0 2818091 2752554 2687017 2621480 0 3342387 3276850 3211313 3145776 0 3866683 3801146 3735609 3670072 0
1835036 1769499 1703962 1638425 1572888 2359332 2293795 2228258 2162721 2097184 2883628 2818091 2752554 2687017 2621480 3407924 3342387 3276850 3211313 3145776 3932220 3866683 3801146 3735609 3670072
1900573 1835036 1769499 1703962 1638425 2424869 2359332 2293795 2228258 2162721 2949165 2883628 2818091 2752554 2687017 3473461 3407924 3342387 3276850 3211313 3997757 3932220 3866683 3801146 3735609
1966110 1900573 1835036 1769499 1703962 2490406 2424869 2359332 2293795 2228258 3014702 2949165 2883628 2818091 2752554 3538998 3473461 3407924 3342387 3276850 4063294 3997757 3932220 3866683 3801146
2031647 1966110 1900573 1835036 1769499 2555943 2490406 2424869 2359332 2293795 3080239 3014702 2949165 2883628 2818091 3604535 3538998 3473461 3407924 3342387 4128831 4063294 3997757 3932220 3866683
2097184 0 0 0 0 2621480 0 0 0 0 3145776 0 0 0 0 3670072 0 0 0 0 0 0 0 0 0
2162721 2097184 0 0 0 2687017 2621480 0 0 0 3211313 3145776 0 0 0 3735609 3670072 0 0 0 0 0 0 0 0
2228258 2162721 2097184 0 0 2752554 2687017 2621480 0 0 3276850 3211313 3145776 0 0 3801146 3735609 3670072 0 0 0 0 0 0 0
2293795 2228258 2162721 2097184 0 2818091 2752554 2687017 2621480 0 3342387 3276850 3211313 3145776 0 3866683 3801146 3735609 3670072 0 0 0 0 0 0
2359332 2293795 2228258 2162721 2097184 2883628 2818091 2752554 2687017 2621480 3407924 3342387 3276850 3211313 3145776 3932220 3866683 3801146 3735609 3670072 0 0 0 0 0
2424869 2359332 2293795 2228258 2162721 2949165 2883628 2818091 2752554 2687017 3473461 3407924 3342387 3276850 3211313 3997757 3932220 3866683 3801146 3735609 0 0 0 0 0
2490406 2424869 2359332 2293795 2228258 3014702 2949165 2883628 2818091 2752554 3538998 3473461 3407924 3342387 3276850 4063294 3997757 3932220 3866683 3801146 0 0 0 0 0
2555943 2490406 2424869 2359332 2293795 3080239 3014702 2949165 2883628 2818091 3604535 3538998 3473461 3407924 3342387 4128831 4063294 3997757 3932220 3866683 0 0 0 0 0
2621480 0 0 0 0 3145776 0 0 0 0 3670072 0 0 0 0 0 0 0 0 0 0 0 0 0 0
2687017 2621480 0 0 0 3211313 3145776 0 0 0 3735609 3670072 0 0 0 0 0 0 0 0 0 0 0 0 0
2752554 2687017 2621480 0 0 3276850 3211313 3145776 0 0 3801146 3735609 3670072 0 0 0 0 0 0 0 0 0 0 0 0
2818091 2752554 2687017 2621480 0 3342387 3276850 3211313 3145776 0 3866683 3801146 3735609 3670072 0 0 0 0 0 0 0 0 0 0 0
2883628 2818091 2752554 2687017 2621480 3407924 3342387 3276850 3211313 3145776 3932220 3866683 3801146 3735609 3670072 0 0 0 0 0 0 0 0 0 0
2949165 2883628 2818091 2752554 2687017 3473461 3407924 3342387 3276850 3211313 3997757 3932220 3866683 3801146 3735609 0 0 0 0 0 0 0 0 0 0
3014702 2949165 2883628 2818091 2752554 3538998 3473461 3407924 3342387 3276850 4063294 3997757 3932220 3866683 3801146 0 0 0 0 0 0 0 0 0 0
3080239 3014702 2949165 2883628 2818091 3604535 3538998 3473461 3407924 3342387 4128831 4063294 3997757 3932220 3866683 0 0 0 0 0 0 0 0 0 0
3145776 0 0 0 0 3670072 0 0 0 0 0 0 0 0 0 0 0 0 0 0 0 0 0 0 0
3211313 3145776 0 0 0 3735609 3670072 0 0 0 0 0 0 0 0 0 0 0 0 0 0 0 0 0 0
3276850 3211313 3145776 0 0 3801146 3735609 3670072 0 0 0 0 0 0 0 0 0 0 0 0 0 0 0 0 0
3342387 3276850 3211313 3145776 0 3866683 3801146 3735609 3670072 0 0 0 0 0 0 0 0 0 0 0 0 0 0 0 0
3407924 3342387 3276850 3211313 3145776 3932220 3866683 3801146 3735609 3670072 0 0 0 0 0 0 0 0 0 0 0 0 0 0 0
3473461 3407924 3342387 3276850 3211313 3997757 3932220 3866683 3801146 3735609 0 0 0 0 0 0 0 0 0 0 0 0 0 0 0
3538998 3473461 3407924 3342387 3276850 4063294 3997757 3932220 3866683 3801146 0 0 0 0 0 0 0 0 0 0 0 0 0 0 0
3604535 3538998 3473461 3407924 3342387 4128831 4063294 3997757 3932220 3866683 0 0 0 0 0 0 0 0 0 0 0 0 0 0 0
3670072 0 0 0 0 0 0 0 0 0 0 0 0 0 0 0 0 0 0 0 0 0 0 0 0
3735609 3670072 0 0 0 0 0 0 0 0 0 0 0 0 0 0 0 0 0 0 0 0 0 0 0
3801146 3735609 3670072 0 0 0 0 0 0 0 0 0 0 0 0 0 0 0 0 0 0 0 0 0 0
3866683 3801146 3735609 3670072 0 0 0 0 0 0 0 0 0 0 0 0 0 0 0 0 0 0 0 0 0
3932220 3866683 3801146 3735609 3670072 0 0 0 0 0 0 0 0 0 0 0 0 0 0 0 0 0 0 0 0
3997757 3932220 3866683 3801146 3735609 0 0 0 0 0 0 0 0 0 0 0 0 0 0 0 0 0 0 0 0
4063294 3997757 3932220 3866683 3801146 0 0 0 0 0 0 0 0 0 0 0 0 0 0 0 0 0 0 0 0
4128831 4063294 3997757 3932220 3866683 0 0 0 0 0 0 0 0 0 0 0 0 0 0 0 0 0 0 0 0
0 0 0 0 0 0 0 0 0 0 0 0 0 0 0 0 0 0 0 0 8388736 0 0 0 0
0 0 0 0 0 0 0 0 0 0 0 0 0 0 0 0 0 0 0 0 8388736 8388736 0 0 0
0 0 0 0 0 0 0 0 0 0 0 0 0 0 0 0 0 0 0 0 8388736 8388736 8388736 0 0
0 0 0 0 0 0 0 0 0 0 0 0 0 0 0 0 0 0 0 0 8388736 8388736 8388736 8388736 0
0 0 0 0 0 0 0 0 0 0 0 0 0 0 0 0 0 0 0 0 8388736 8388736 8388736 8388736 8388736
0 0 0 0 0 0 0 0 0 0 0 0 0 0 0 0 0 0 0 0 8388736 8388736 8388736 8388736 8388736
0 0 0 0 0 0 0 0 0 0 0 0 0 0 0 0 0 0 0 0 8388736 8388736 8388736 8388736 8388736
0 0 0 0 0 0 0 0 0 0 0 0 0 0 0 0 0 0 0 0 8388736 8388736 8388736 8388736 8388736
0 0 0 0 0 0 0 0 0 0 0 0 0 0 0 8388736 0 0 0 0 8388736 0 0 0 0
0 0 0 0 0 0 0 0 0 0 0 0 0 0 0 8388736 8388736 0 0 0 8388736 8388736 0 0 0
0 0 0 0 0 0 0 0 0 0 0 0 0 0 0 8388736 8388736 8388736 0 0 8388736 8388736 8388736 0 0
0 0 0 0 0 0 0 0 0 0 0 0 0 0 0 8388736 8388736 8388736 8388736 0 8388736 8388736 8388736 8388736 0
0 0 0 0 0 0 0 0 0 0 0 0 0 0 0 8388736 8388736 8388736 8388736 8388736 8388736 8388736 8388736 8388736 8388736
0 0 0 0 0 0 0 0 0 0 0 0 0 0 0 8388736 8388736 8388736 8388736 8388736 8388736 8388736 8388736 8388736 8388736
0 0 0 0 0 0 0 0 0 0 0 0 0 0 0 8388736 8388736 8388736 8388736 8388736 8388736 8388736 8388736 8388736 8388736
0 0 0 0 0 0 0 0 0 0 0 0 0 0 0 8388736 8388736 8388736 8388736 8388736 8388736 8388736 8388736 8388736 8388736
0 0 0 0 0 0 0 0 0 0 8388736 0 0 0 0 8388736 0 0 0 0 8388736 0 0 0 0
0 0 0 0 0 0 0 0 0 0 8388736 8388736 0 0 0 8388736 8388736 0 0 0 8388736 8388736 0 0 0
0 0 0 0 0 0 0 0 0 0 8388736 8388736 8388736 0 0 8388736 8388736 8388736 0 0 8388736 8388736 8388736 0 0
0 0 0 0 0 0 0 0 0 0 8388736 8388736 8388736 8388736 0 8388736 8388736 8388736 8388736 0 8388736 8388736 8388736 8388736 0
0 0 0 0 0 0 0 0 0 0 8388736 8388736 8388736 8388736 8388736 8388736 8388736 8388736 8388736 8388736 8388736 8388736 8388736 8388736 8388736
0 0 0 0 0 0 0 0 0 0 8388736 8388736 8388736 8388736 8388736 8388736 8388736 8388736 8388736 8388736 8388736 8388736 8388736 8388736 8388736
0 0 0 0 0 0 0 0 0 0 8388736 8388736 8388736 8388736 8388736 8388736 8388736 8388736 8388736 8388736 8388736 8388736 8388736 8388736 8388736
0 0 0 0 0 0 0 0 0 0 8388736 8388736 8388736 8388736 8388736 8388736 8388736 8388736 8388736 8388736 8388736 8388736 8388736 8388736 8388736
0 0 0 0 0 8388736 0 0 0 0 8388736 0 0 0 0 8388736 0 0 0 0 8388736 0 0 0 0
0 0 0 0 0 8388736 8388736 0 0 0 8388736 8388736 0 0 0 8388736 8388736 0 0 0 8388736 8388736 0 0 0
0 0 0 0 0 8388736 8388736 8388736 0 0 8388736 8388736 8388736 0 0 8388736 8388736 8388736 0 0 8388736 8388736 8388736 0 0
0 0 0 0 0 8388736 8388736 8388736 8388736 0 8388736 8388736 8388736 8388736 0 8388736 8388736 8388736 8388736 0 8388736 8388736 8388736 8388736 0
0 0 0 0 0 8388736 8388736 8388736 8388736 8388736 8388736 8388736 8388736 8388736 8388736 8388736 8388736 8388736 8388736 8388736 8388736 8388736 8388736 8388736 8388736
0 0 0 0 0 8388736 8388736 8388736 8388736 8388736 8388736 8388736 8388736 8388736 8388736 8388736 8388736 8388736 8388736 8388736 8388736 8388736 8388736 8388736 8388736
0 0 0 0 0 8388736 8388736 8388736 8388736 8388736 8388736 8388736 8388736 8388736 8388736 8388736 8388736 8388736 8388736 8388736 8388736 8388736 8388736 8388736 8388736
0 0 0 0 0 8388736 8388736 8388736 8388736 8388736 8388736 8388736 8388736 8388736 8388736 8388736 8388736 8388736 8388736 8388736 8388736 8388736 8388736 8388736 8388736
8388736 0 0 0 0 8388736 0 0 0 0 8388736 0 0 0 0 8388736 0 0 0 0 8388736 0 0 0 0
8388736 8388736 0 0 0 8388736 8388736 0 0 0 8388736 8388736 0 0 0 8388736 8388736 0 0 0 8388736 8388736 0 0 0
8388736 8388736 8388736 0 0 8388736 8388736 8388736 0 0 8388736 8388736 8388736 0 0 8388736 8388736 8388736 0 0 8388736 8388736 8388736 0 0
8388736 8388736 8388736 8388736 0 8388736 8388736 8388736 8388736 0 8388736 8388736 8388736 8388736 0 8388736 8388736 8388736 8388736 0 8388736 8388736 8388736 8388736 0
8388736 8388736 8388736 8388736 8388736 8388736 8388736 8388736 8388736 8388736 8388736 8388736 8388736 8388736 8388736 8388736 8388736 8388736 8388736 8388736 8388736 8388736 8388736 8388736 8388736
8388736 8388736 8388736 8388736 8388736 8388736 8388736 8388736 8388736 8388736 8388736 8388736 8388736 8388736 8388736 8388736 8388736 8388736 8388736 8388736 8388736 8388736 8388736 8388736 8388736
8388736 8388736 8388736 8388736 8388736 8388736 8388736 8388736 8388736 8388736 8388736 8388736 8388736 8388736 8388736 8388736 8388736 8388736 8388736 8388736 8388736 8388736 8388736 8388736 8388736
8388736 8388736 8388736 8388736 8388736 8388736 8388736 8388736 8388736 8388736 8388736 8388736 8388736 8388736 8388736 8388736 8388736 8388736 8388736 8388736 8388736 8388736 8388736 8388736 8388736
8388736 0 0 0 0 8388736 0 0 0 0 8388736 0 0 0 0 8388736 0 0 0 0 8388736 0 0 0 0
8388736 8388736 0 0 0 8388736 8388736 0 0 0 8388736 8388736 0 0 0 8388736 8388736 0 0 0 8388736 8388736 0 0 0
8388736 8388736 8388736 0 0 8388736 8388736 8388736 0 0 8388736 8388736 8388736 0 0 8388736 8388736 8388736 0 0 8388736 8388736 8388736 0 0
8388736 8388736 8388736 8388736 0 8388736 8388736 8388736 8388736 0 8388736 8388736 8388736 8388736 0 8388736 8388736 8388736 8388736 0 8388736 8388736 8388736 8388736 0
8388736 8388736 8388736 8388736 8388736 8388736 8388736 8388736 8388736 8388736 8388736 8388736 8388736 8388736 8388736 8388736 8388736 8388736 8388736 8388736 8388736 8388736 8388736 8388736 8388736
8388736 8388736 8388736 8388736 8388736 8388736 8388736 8388736 8388736 8388736 8388736 8388736 8388736 8388736 8388736 8388736 8388736 8388736 8388736 8388736 8388736 8388736 8388736 8388736 8388736
8388736 8388736 8388736 8388736 8388736 8388736 8388736 8388736 8388736 8388736 8388736 8388736 8388736 8388736 8388736 8388736 8388736 8388736 8388736 8388736 8388736 8388736 8388736 8388736 8388736
8388736 8388736 8388736 8388736 8388736 8388736 8388736 8388736 8388736 8388736 8388736 8388736 8388736 8388736 8388736 8388736 8388736 8388736 8388736 8388736 8388736 8388736 8388736 8388736 8388736
8388736 0 0 0 0 8388736 0 0 0 0 8388736 0 0 0 0 8388736 0 0 0 0 8388736 0 0 0 0
8388736 8388736 0 0 0 8388736 8388736 0 0 0 8388736 8388736 0 0 0 8388736 8388736 0 0 0 8388736 8388736 0 0 0
8388736 8388736 8388736 0 0 8388736 8388736 8388736 0 0 8388736 8388736 8388736 0 0 8388736 8388736 8388736 0 0 8388736 8388736 8388736 0 0
8388736 8388736 8388736 8388736 0 8388736 8388736 8388736 8388736 0 8388736 8388736 8388736 8388736 0 8388736 8388736 8388736 8388736 0 8388736 8388736 8388736 8388736 0
8388736 8388736 8388736 8388736 8388736 8388736 8388736 8388736 8388736 8388736 8388736 8388736 8388736 8388736 8388736 8388736 8388736 8388736 8388736 8388736 8388736 8388736 8388736 8388736 8388736
8388736 8388736 8388736 8388736 8388736 8388736 8388736 8388736 8388736 8388736 8388736 8388736 8388736 8388736 8388736 8388736 8388736 8388736 8388736 8388736 8388736 8388736 8388736 8388736 8388736
8388736 8388736 8388736 8388736 8388736 8388736 8388736 8388736 8388736 8388736 8388736 8388736 8388736 8388736 8388736 8388736 8388736 8388736 8388736 8388736 8388736 8388736 8388736 8388736 8388736
8388736 8388736 8388736 8388736 8388736 8388736 8388736 8388736 8388736 8388736 8388736 8388736 8388736 8388736 8388736 8388736 8388736 8388736 8388736 8388736 8388736 8388736 8388736 8388736 8388736
8388736 0 0 0 0 8388736 0 0 0 0 8388736 0 0 0 0 8388736 0 0 0 0 8388736 0 0 0 0
8388736 8388736 0 0 0 8388736 8388736 0 0 0 8388736 8388736 0 0 0 8388736 8388736 0 0 0 8388736 8388736 0 0 0
8388736 8388736 8388736 0 0 8388736 8388736 8388736 0 0 8388736 8388736 8388736 0 0 8388736 8388736 8388736 0 0 8388736 8388736 8388736 0 0
8388736 8388736 8388736 8388736 0 8388736 8388736 8388736 8388736 0 8388736 8388736 8388736 8388736 0 8388736 8388736 8388736 8388736 0 8388736 8388736 8388736 8388736 0
8388736 8388736 8388736 8388736 8388736 8388736 8388736 8388736 8388736 8388736 8388736 8388736 8388736 8388736 8388736 8388736 8388736 8388736 8388736 8388736 8388736 8388736 8388736 8388736 8388736
8388736 8388736 8388736 8388736 8388736 8388736 8388736 8388736 8388736 8388736 8388736 8388736 8388736 8388736 8388736 8388736 8388736 8388736 8388736 8388736 8388736 8388736 8388736 8388736 8388736
8388736 8388736 8388736 8388736 8388736 8388736 8388736 8388736 8388736 8388736 8388736 8388736 8388736 8388736 8388736 8388736 8388736 8388736 8388736 8388736 8388736 8388736 8388736 8388736 8388736
8388736 8388736 8388736 8388736 8388736 8388736 8388736 8388736 8388736 8388736 8388736 8388736 8388736 8388736 8388736 8388736 8388736 8388736 8388736 8388736 8388736 8388736 8388736 8388736 8388736
8388736 0 0 0 0 8388736 0 0 0 0 8388736 0 0 0 0 8388736 0 0 0 0 0 0 0 0 0
8388736 8388736 0 0 0 8388736 8388736 0 0 0 8388736 8388736 0 0 0 8388736 8388736 0 0 0 0 0 0 0 0
8388736 8388736 8388736 0 0 8388736 8388736 8388736 0 0 8388736 8388736 8388736 0 0 8388736 8388736 8388736 0 0 0 0 0 0 0
8388736 8388736 8388736 8388736 0 8388736 8388736 8388736 8388736 0 8388736 8388736 8388736 8388736 0 8388736 8388736 8388736 8388736 0 0 0 0 0 0
8388736 8388736 8388736 8388736 8388736 8388736 8388736 8388736 8388736 8388736 8388736 8388736 8388736 8388736 8388736 8388736 8388736 8388736 8388736 8388736 0 0 0 0 0
8388736 8388736 8388736 8388736 8388736 8388736 8388736 8388736 8388736 8388736 8388736 8388736 8388736 8388736 8388736 8388736 8388736 8388736 8388736 8388736 0 0 0 0 0
8388736 8388736 8388736 8388736 8388736 8388736 8388736 8388736 8388736 8388736 8388736 8388736 8388736 8388736 8388736 8388736 8388736 8388736 8388736 8388736 0 0 0 0 0
8388736 8388736 8388736 8388736 8388736 8388736 8388736 8388736 8388736 8388736 8388736 8388736 8388736 8388736 8388736 8388736 8388736 8388736 8388736 8388736 0 0 0 0 0
8388736 0 0 0 0 8388736 0 0 0 0 8388736 0 0 0 0 0 0 0 0 0 0 0 0 0 0
8388736 8388736 0 0 0 8388736 8388736 0 0 0 8388736 8388736 0 0 0 0 0 0 0 0 0 0 0 0 0
8388736 8388736 8388736 0 0 8388736 8388736 8388736 0 0 8388736 8388736 8388736 0 0 0 0 0 0 0 0 0 0 0 0
8388736 8388736 8388736 8388736 0 8388736 8388736 8388736 8388736 0 8388736 8388736 8388736 8388736 0 0 0 0 0 0 0 0 0 0 0
8388736 8388736 8388736 8388736 8388736 8388736 8388736 8388736 8388736 8388736 8388736 8388736 8388736 8388736 8388736 0 0 0 0 0 0 0 0 0 0
8388736 8388736 8388736 8388736 8388736 8388736 8388736 8388736 8388736 8388736 8388736 8388736 8388736 8388736 8388736 0 0 0 0 0 0 0 0 0 0
8388736 8388736 8388736 8388736 8388736 8388736 8388736 8388736 8388736 8388736 8388736 8388736 8388736 8388736 8388736 0 0 0 0 0 0 0 0 0 0
8388736 8388736 8388736 8388736 8388736 8388736 8388736 8388736 8388736 8388736 8388736 8388736 8388736 8388736 8388736 0 0 0 0 0 0 0 0 0 0
8388736 0 0 0 0 8388736 0 0 0 0 0 0 0 0 0 0 0 0 0 0 0 0 0 0 0
8388736 8388736 0 0 0 8388736 8388736 0 0 0 0 0 0 0 0 0 0 0 0 0 0 0 0 0 0
8388736 8388736 8388736 0 0 8388736 8388736 8388736 0 0 0 0 0 0 0 0 0 0 0 0 0 0 0 0 0
8388736 8388736 8388736 8388736 0 8388736 8388736 8388736 8388736 0 0 0 0 0 0 0 0 0 0 0 0 0 0 0 0
8388736 8388736 8388736 8388736 8388736 8388736 8388736 8388736 8388736 8388736 0 0 0 0 0 0 0 0 0 0 0 0 0 0 0
8388736 8388736 8388736 8388736 8388736 8388736 8388736 8388736 8388736 8388736 0 0 0 0 0 0 0 0 0 0 0 0 0 0 0
8388736 8388736 8388736 8388736 8388736 8388736 8388736 8388736 8388736 8388736 0 0 0 0 0 0 0 0 0 0 0 0 0 0 0
8388736 8388736 8388736 8388736 8388736 8388736 8388736 8388736 8388736 8388736 0 0 0 0 0 0 0 0 0 0 0 0 0 0 0
8388736 0 0 0 0 0 0 0 0 0 0 0 0 0 0 0 0 0 0 0 0 0 0 0 0
8388736 8388736 0 0 0 0 0 0 0 0 0 0 0 0 0 0 0 0 0 0 0 0 0 0 0
8388736 8388736 8388736 0 0 0 0 0 0 0 0 0 0 0 0 0 0 0 0 0 0 0 0 0 0
8388736 8388736 8388736 8388736 0 0 0 0 0 0 0 0 0 0 0 0 0 0 0 0 0 0 0 0 0
8388736 8388736 8388736 8388736 8388736 0 0 0 0 0 0 0 0 0 0 0 0 0 0 0 0 0 0 0 0
8388736 8388736 8388736 8388736 8388736 0 0 0 0 0 0 0 0 0 0 0 0 0 0 0 0 0 0 0 0
8388736 8388736 8388736 8388736 8388736 0 0 0 0 0 0 0 0 0 0 0 0 0 0 0 0 0 0 0 0
8388736 8388736 8388736 8388736 8388736 0 0 0 0 0 0 0 0 0 0 0 0 0 0 0 0 0 0 0 0
0 0 0 0 0 0 0 0 0 0 0 0 0 0 0 0 0 0 0 0 11141290 0 0 0 0
0 0 0 0 0 0 0 0 0 0 0 0 0 0 0 0 0 0 0 0 5570645 11141290 0 0 0
0 0 0 0 0 0 0 0 0 0 0 0 0 0 0 0 0 0 0 0 11141290 5570645 11141290 0 0
0 0 0 0 0 0 0 0 0 0 0 0 0 0 0 0 0 0 0 0 5570645 11141290 5570645 11141290 0
0 0 0 0 0 0 0 0 0 0 0 0 0 0 0 0 0 0 0 0 11141290 5570645 11141290 5570645 11141290
0 0 0 0 0 0 0 0 0 0 0 0 0 0 0 0 0 0 0 0 5570645 11141290 5570645 11141290 5570645
0 0 0 0 0 0 0 0 0 0 0 0 0 0 0 0 0 0 0 0 11141290 5570645 11141290 5570645 11141290
0 0 0 0 0 0 0 0 0 0 0 0 0 0 0 0 0 0 0 0 5570645 11141290 5570645 11141290 5570645
0 0 0 0 0 0 0 0 0 0 0 0 0 0 0 11141290 0 0 0 0 5570645 0 0 0 0
0 0 0 0 0 0 0 0 0 0 0 0 0 0 0 5570645 11141290 0 0 0 11141290 5570645 0 0 0
0 0 0 0 0 0 0 0 0 0 0 0 0 0 0 11141290 5570645 11141290 0 0 5570645 11141290 5570645 0 0
0 0 0 0 0 0 0 0 0 0 0 0 0 0 0 5570645 11141290 5570645 11141290 0 11141290 5570645 11141290 5570645 0
0 0 0 0 0 0 0 0 0 0 0 0 0 0 0 11141290 5570645 11141290 5570645 11141290 5570645 11141290 5570645 11141290 5570645
0 0 0 0 0 0 0 0 0 0 0 0 0 0 0 5570645 11141290 5570645 11141290 5570645 11141290 5570645 11141290 5570645 11141290
0 0 0 0 0 0 0 0 0 0 0 0 0 0 0 11141290 5570645 11141290 5570645 11141290 5570645 11141290 5570645 11141290 5570645
0 0 0 0 0 0 0 0 0 0 0 0 0 0 0 5570645 11141290 5570645 11141290 5570645 11141290 5570645 11141290 5570645 11141290
0 0 0 0 0 0 0 0 0 0 11141290 0 0 0 0 5570645 0 0 0 0 11141290 0 0 0 0
0 0 0 0 0 0 0 0 0 0 5570645 11141290 0 0 0 11141290 5570645 0 0 0 5570645 11141290 0 0 0
0 0 0 0 0 0 0 0 0 0 11141290 5570645 11141290 0 0 5570645 11141290 5570645 0 0 11141290 5570645 11141290 0 0
0 0 0 0 0 0 0 0 0 0 5570645 11141290 5570645 11141290 0 11141290 5570645 11141290 5570645 0 5570645 11141290 5570645 11141290 0
0 0 0 0 0 0 0 0 0 0 11141290 5570645 11141290 5570645 11141290 5570645 11141290 5570645 11141290 5570645 11141290 5570645 11141290 5570645 11141290
0 0 0 0 0 0 0 0 0 0 5570645 11141290 5570645 11141290 5570645 11141290 5570645 11141290 5570645 11141290 5570645 11141290 5570645 11141290 5570645
0 0 0 0 0 0 0 0 0 0 11141290 5570645 11141290 5570645 11141290 5570645 11141290 5570645 11141290 5570645 11141290 5570645 11141290 5570645 11141290
0 0 0 0 0 0 0 0 0 0 5570645 11141290 5570645 11141290 5570645 11141290 5570645 11141290 5570645 11141290 5570645 11141290 5570645 11141290 5570645
0 0 0 0 0 11141290 0 0 0 0 5570645 0 0 0 0 11141290 0 0 0 0 5570645 0 0 0 0
0 0 0 0 0 5570645 11141290 0 0 0 11141290 5570645 0 0 0 5570645 11141290 0 0 0 11141290 5570645 0 0 0
0 0 0 0 0 11141290 5570645 11141290 0 0 5570645 11141290 5570645 0 0 11141290 5570645 11141290 0 0 5570645 11141290 5570645 0 0
0 0 0 0 0 5570645 11141290 5570645 11141290 0 11141290 5570645 11141290 5570645 0 5570645 11141290 5570645 11141290 0 11141290 5570645 11141290 5570645 0
0 0 0 0 0 11141290 5570645 11141290 5570645 11141290 5570645 11141290 5570645 11141290 5570645 11141290 5570645 11141290 5570645 11141290 5570645 11141290 5570645 11141290 5570645
0 0 0 0 0 5570645 11141290 5570645 11141290 5570645 11141290 5570645 11141290 5570645 11141290 5570645 11141290 5570645 11141290 5570645 11141290 5570645 11141290 5570645 11141290
0 0 0 0 0 11141290 5570645 11141290 5570645 11141290 5570645 11141290 5570645 11141290 5570645 11141290 5570645 11141290 5570645 11141290 5570645 11141290 5570645 11141290 5570645
0 0 0 0 0 5570645 11141290 5570645 11141290 5570645 11141290 5570645 11141290 5570645 11141290 5570645 11141290 5570645 11141290 5570645 11141290 5570645 11141290 5570645 11141290
11141290 0 0 0 0 5570645 0 0 0 0 11141290 0 0 0 0 5570645 0 0 0 0 11141290 0 0 0 0
5570645 11141290 0 0 0 11141290 5570645 0 0 0 5570645 11141290 0 0 0 11141290 5570645 0 0 0 5570645 11141290 0 0 0
11141290 5570645 11141290 0 0 5570645 11141290 5570645 0 0 11141290 5570645 11141290 0 0 5570645 11141290 5570645 0 0 11141290 5570645 11141290 0 0
5570645 11141290 5570645 11141290 0 11141290 5570645 11141290 5570645 0 5570645 11141290 5570645 11141290 0 11141290 5570645 11141290 5570645 0 5570645 11141290 5570645 11141290 0
11141290 5570645 11141290 5570645 11141290 5570645 11141290 5570645 11141290 5570645 11141290 5570645 11141290 5570645 11141290 5570645 11141290 5570645 11141290 5570645 11141290 5570645 11141290 5570645 11141290
5570645 11141290 5570645 11141290 5570645 11141290 5570645 11141290 5570645 11141290 5570645 11141290 5570645 11141290 5570645 11141290 5570645 11141290 5570645 11141290 5570645 11141290 5570645 11141290 5570645
11141290 5570645 11141290 5570645 11141290 5570645 11141290 5570645 11141290 5570645 11141290 5570645 11141290 5570645 11141290 5570645 11141290 5570645 11141290 5570645 11141290 5570645 11141290 5570645 11141290
5570645 11141290 5570645 11141290 5570645 11141290 5570645 11141290 5570645 11141290 5570645 11141290 5570645 11141290 5570645 11141290 5570645 11141290 5570645 11141290 5570645 11141290 5570645 11141290 5570645
5570645 0 0 0 0 11141290 0 0 0 0 5570645 0 0 0 0 11141290 0 0 0 0 5570645 0 0 0 0
11141290 5570645 0 0 0 5570645 11141290 0 0 0 11141290 5570645 0 0 0 5570645 11141290 0 0 0 11141290 5570645 0 0 0
5570645 11141290 5570645 0 0 11141290 5570645 11141290 0 0 5570645 11141290 5570645 0 0 11141290 5570645 11141290 0 0 5570645 11141290 5570645 0 0
11141290 5570645 11141290 5570645 0 5570645 11141290 5570645 11141290 0 11141290 5570645 11141290 5570645 0 5570645 11141290 5570645 11141290 0 11141290 5570645 11141290 5570645 0
5570645 11141290 5570645 11141290 5570645 11141290 5570645 11141290 5570645 11141290 5570645 11141290 5570645 11141290 5570645 11141290 5570645 11141290 5570645 11141290 5570645 11141290 5570645 11141290 5570645
11141290 5570645 11141290 5570645 11141290 5570645 11141290 5570645 11141290 5570645 11141290 5570645 11141290 5570645 11141290 5570645 11141290 5570645 11141290 5570645 11141290 5570645 11141290 5570645 11141290
5570645 11141290 5570645 11141290 5570645 11141290 5570645 11141290 5570645 11141290 5570645 11141290 5570645 11141290 5570645 11141290 5570645 11141290 5570645 11141290 5570645 11141290 5570645 11141290 5570645
11141290 5570645 11141290 5570645 11141290 5570645 11141290 5570645 11141290 5570645 11141290 5570645 11141290 5570645 11141290 5570645 11141290 5570645 11141290 5570645 11141290 5570645 11141290 5570645 11141290
11141290 0 0 0 0 5570645 0 0 0 0 11141290 0 0 0 0 5570645 0 0 0 0 11141290 0 0 0 0
5570645 11141290 0 0 0 11141290 5570645 0 0 0 5570645 11141290 0 0 0 11141290 5570645 0 0 0 5570645 11141290 0 0 0
11141290 5570645 11141290 0 0 5570645 11141290 5570645 0 0 11141290 5570645 11141290 0 0 5570645 11141290 5570645 0 0 11141290 5570645 11141290 0 0
5570645 11141290 5570645 11141290 0 11141290 5570645 11141290 5570645 0 5570645 11141290 5570645 11141290 0 11141290 5570645 11141290 5570645 0 5570645 11141290 5570645 11141290 0
11141290 5570645 11141290 5570645 11141290 5570645 11141290 5570645 11141290 5570645 11141290 5570645 11141290 5570645 11141290 5570645 11141290 5570645 11141290 5570645 11141290 5570645 11141290 5570645 11141290
5570645 11141290 5570645 11141290 5570645 11141290 5570645 11141290 5570645 11141290 5570645 11141290 5570645 11141290 5570645 11141290 5570645 11141290 5570645 11141290 5570645 11141290 5570645 11141290 5570645
11141290 5570645 11141290 5570645 11141290 5570645 11141290 5570645 11141290 5570645 11141290 5570645 11141290 5570645 11141290 5570645 11141290 5570645 11141290 5570645 11141290 5570645 11141290 5570645 11141290
5570645 11141290 5570645 11141290 5570645 11141290 5570645 11141290 5570645 11141290 5570645 11141290 5570645 11141290 5570645 11141290 5570645 11141290 5570645 11141290 5570645 11141290 5570645 11141290 5570645
5570645 0 0 0 0 11141290 0 0 0 0 5570645 0 0 0 0 11141290 0 0 0 0 5570645 0 0 0 0
11141290 5570645 0 0 0 5570645 11141290 0 0 0 11141290 5570645 0 0 0 5570645 11141290 0 0 0 11141290 5570645 0 0 0
5570645 11141290 5570645 0 0 11141290 5570645 11141290 0 0 5570645 11141290 5570645 0 0 11141290 5570645 11141290 0 0 5570645 11141290 5570645 0 0
11141290 5570645 11141290 5570645 0 5570645 11141290 5570645 11141290 0 11141290 5570645 11141290 5570645 0 5570645 11141290 5570645 11141290 0 11141290 5570645 11141290 5570645 0
5570645 11141290 5570645 11141290 5570645 11141290 5570645 11141290 5570645 11141290 5570645 11141290 5570645 11141290 5570645 11141290 5570645 11141290 5570645 11141290 5570645 11141290 5570645 11141290 5570645
11141290 5570645 11141290 5570645 11141290 5570645 11141290 5570645 11141290 5570645 11141290 5570645 11141290 5570645 11141290 5570645 11141290 5570645 11141290 5570645 11141290 5570645 11141290 5570645 11141290
5570645 11141290 5570645 11141290 5570645 11141290 5570645 11141290 5570645 11141290 5570645 11141290 5570645 11141290 5570645 11141290 5570645 11141290 5570645 11141290 5570645 11141290 5570645 11141290 5570645
11141290 5570645 11141290 5570645 11141290 5570645 11141290 5570645 11141290 5570645 11141290 5570645 11141290 5570645 11141290 5570645 11141290 5570645 11141290 5570645 11141290 5570645 11141290 5570645 11141290
11141290 0 0 0 0 5570645 0 0 0 0 11141290 0 0 0 0 5570645 0 0 0 0 0 0 0 0 0
5570645 11141290 0 0 0 11141290 5570645 0 0 0 5570645 11141290 0 0 0 11141290 5570645 0 0 0 0 0 0 0 0
11141290 5570645 11141290 0 0 5570645 11141290 5570645 0 0 11141290 5570645 11141290 0 0 5570645 11141290 5570645 0 0 0 0 0 0 0
5570645 11141290 5570645 11141290 0 11141290 5570645 11141290 5570645 0 5570645 11141290 5570645 11141290 0 11141290 5570645 11141290 5570645 0 0 0 0 0 0
11141290 5570645 11141290 5570645 11141290 5570645 11141290 5570645 11141290 5570645 11141290 5570645 11141290 5570645 11141290 5570645 11141290 5570645 11141290 5570645 0 0 0 0 0
5570645 11141290 5570645 11141290 5570645 11141290 5570645 11141290 5570645 11141290 5570645 11141290 5570645 11141290 5570645 11141290 5570645 11141290 5570645 11141290 0 0 0 0 0
11141290 5570645 11141290 5570645 11141290 5570645 11141290 5570645 11141290 5570645 11141290 5570645 11141290 5570645 11141290 5570645 11141290 5570645 11141290 5570645 0 0 0 0 0
5570645 11141290 5570645 11141290 5570645 11141290 5570645 11141290 5570645 11141290 5570645 11141290 5570645 11141290 5570645 11141290 5570645 11141290 5570645 11141290 0 0 0 0 0
5570645 0 0 0 0 11141290 0 0 0 0 5570645 0 0 0 0 0 0 0 0 0 0 0 0 0 0
11141290 5570645 0 0 0 5570645 11141290 0 0 0 11141290 5570645 0 0 0 0 0 0 0 0 0 0 0 0 0
5570645 11141290 5570645 0 0 11141290 5570645 11141290 0 0 5570645 11141290 5570645 0 0 0 0 0 0 0 0 0 0 0 0
11141290 5570645 11141290 5570645 0 5570645 11141290 5570645 11141290 0 11141290 5570645 11141290 5570645 0 0 0 0 0 0 0 0 0 0 0
5570645 11141290 5570645 11141290 5570645 11141290 5570645 11141290 5570645 11141290 5570645 11141290 5570645 11141290 5570645 0 0 0 0 0 0 0 0 0 0
11141290 5570645 11141290 5570645 11141290 5570645 11141290 5570645 11141290 5570645 11141290 5570645 11141290 5570645 11141290 0 0 0 0 0 0 0 0 0 0
5570645 11141290 5570645 11141290 5570645 11141290 5570645 11141290 5570645 11141290 5570645 11141290 5570645 11141290 5570645 0 0 0 0 0 0 0 0 0 0
11141290 5570645 11141290 5570645 11141290 5570645 11141290 5570645 11141290 5570645 11141290 5570645 11141290 5570645 11141290 0 0 0 0 0 0 0 0 0 0
11141290 0 0 0 0 5570645 0 0 0 0 0 0 0 0 0 0 0 0 0 0 0 0 0 0 0
5570645 11141290 0 0 0 11141290 5570645 0 0 0 0 0 0 0 0 0 0 0 0 0 0 0 0 0 0
11141290 5570645 11141290 0 0 5570645 11141290 5570645 0 0 0 0 0 0 0 0 0 0 0 0 0 0 0 0 0
5570645 11141290 5570645 11141290 0 11141290 5570645 11141290 5570645 0 0 0 0 0 0 0 0 0 0 0 0 0 0 0 0
11141290 5570645 11141290 5570645 11141290 5570645 11141290 5570645 11141290 5570645 0 0 0 0 0 0 0 0 0 0 0 0 0 0 0
5570645 11141290 5570645 11141290 5570645 11141290 5570645 11141290 5570645 11141290 0 0 0 0 0 0 0 0 0 0 0 0 0 0 0
11141290 5570645 11141290 5570645 11141290 5570645 11141290 5570645 11141290 5570645 0 0 0 0 0 0 0 0 0 0 0 0 0 0 0
5570645 11141290 5570645 11141290 5570645 11141290 5570645 11141290 5570645 11141290 0 0 0 0 0 0 0 0 0 0 0 0 0 0 0
5570645 0 0 0 0 0 0 0 0 0 0 0 0 0 0 0 0 0 0 0 0 0 0 0 0
11141290 5570645 0 0 0 0 0 0 0 0 0 0 0 0 0 0 0 0 0 0 0 0 0 0 0
5570645 11141290 5570645 0 0 0 0 0 0 0 0 0 0 0 0 0 0 0 0 0 0 0 0 0 0
11141290 5570645 11141290 5570645 0 0 0 0 0 0 0 0 0 0 0 0 0 0 0 0 0 0 0 0 0
5570645 11141290 5570645 11141290 5570645 0 0 0 0 0 0 0 0 0 0 0 0 0 0 0 0 0 0 0 0
11141290 5570645 11141290 5570645 11141290 0 0 0 0 0 0 0 0 0 0 0 0 0 0 0 0 0 0 0 0
5570645 11141290 5570645 11141290 5570645 0 0 0 0 0 0 0 0 0 0 0 0 0 0 0 0 0 0 0 0
11141290 5570645 11141290 5570645 11141290 0 0 0 0 0 0 0 0 0 0 0 0 0 0 0 0 0 0 0 0
