0 0 0 0 0 0 0 0 0 0 0 0 0 0 0 0 0 0 0 0 0 0 0 0 0 0 0 0 0 0 0 0 0 0 0 0 0 0 0 0 0 0 0 0 0 0 0 0 0
0 0 0 0 0 0 0 0 0 0 0 0 0 0 0 0 0 0 0 0 0 0 0 0 0 0 0 0 0 0 0 0 0 0 0 0 0 0 0 0 0 0 1 0 0 0 0 0 0
0 0 0 0 0 0 0 0 0 0 0 0 0 0 0 0 0 0 0 0 0 0 0 0 0 0 0 0 0 0 0 0 0 0 0 0 0 0 0 0 0 0 2 1 0 0 0 0 0
0 0 0 0 0 0 0 0 0 0 0 0 0 0 0 0 0 0 0 0 0 0 0 0 0 0 0 0 0 0 0 0 0 0 0 0 0 0 0 0 0 0 3 2 1 0 0 0 0
0 0 0 0 0 0 0 0 0 0 0 0 0 0 0 0 0 0 0 0 0 0 0 0 0 0 0 0 0 0 0 0 0 0 0 0 0 0 0 0 0 0 4 3 2 1 0 0 0
0 0 0 0 0 0 0 0 0 0 0 0 0 0 0 0 0 0 0 0 0 0 0 0 0 0 0 0 0 0 0 0 0 0 0 0 0 0 0 0 0 0 5 4 3 2 1 0 0
0 0 0 0 0 0 0 0 0 0 0 0 0 0 0 0 0 0 0 0 0 0 0 0 0 0 0 0 0 0 0 0 0 0 0 0 0 0 0 0 0 0 6 5 4 3 2 1 0
0 0 0 0 0 0 0 0 0 0 0 0 0 0 0 0 0 0 0 0 0 0 0 0 0 0 0 0 0 0 0 0 0 0 0 0 0 0 0 0 0 0 7 6 5 4 3 2 1
0 0 0 0 0 0 0 0 0 0 0 0 0 0 0 0 0 0 0 0 0 0 0 0 0 0 0 0 0 0 0 0 0 0 0 0 0 0 0 0 0 0 8 0 0 0 0 0 0
0 0 0 0 0 0 0 0 0 0 0 0 0 0 0 0 0 0 0 0 0 0 0 0 0 0 0 0 0 0 0 0 0 0 0 1 0 0 0 0 0 0 9 8 0 0 0 0 0
0 0 0 0 0 0 0 0 0 0 0 0 0 0 0 0 0 0 0 0 0 0 0 0 0 0 0 0 0 0 0 0 0 0 0 2 1 0 0 0 0 0 10 9 8 0 0 0 0
0 0 0 0 0 0 0 0 0 0 0 0 0 0 0 0 0 0 0 0 0 0 0 0 0 0 0 0 0 0 0 0 0 0 0 3 2 1 0 0 0 0 11 10 9 8 0 0 0
0 0 0 0 0 0 0 0 0 0 0 0 0 0 0 0 0 0 0 0 0 0 0 0 0 0 0 0 0 0 0 0 0 0 0 4 3 2 1 0 0 0 12 11 10 9 8 0 0
0 0 0 0 0 0 0 0 0 0 0 0 0 0 0 0 0 0 0 0 0 0 0 0 0 0 0 0 0 0 0 0 0 0 0 5 4 3 2 1 0 0 13 12 11 10 9 8 0
0 0 0 0 0 0 0 0 0 0 0 0 0 0 0 0 0 0 0 0 0 0 0 0 0 0 0 0 0 0 0 0 0 0 0 6 5 4 3 2 1 0 14 13 12 11 10 9 8
0 0 0 0 0 0 0 0 0 0 0 0 0 0 0 0 0 0 0 0 0 0 0 0 0 0 0 0 0 0 0 0 0 0 0 7 6 5 4 3 2 1 15 14 13 12 11 10 9
0 0 0 0 0 0 0 0 0 0 0 0 0 0 0 0 0 0 0 0 0 0 0 0 0 0 0 0 0 0 0 0 0 0 0 8 0 0 0 0 0 0 16 0 0 0 0 0 0
0 0 0 0 0 0 0 0 0 0 0 0 0 0 0 0 0 0 0 0 0 0 0 0 0 0 0 0 1 0 0 0 0 0 0 9 8 0 0 0 0 0 17 16 0 0 0 0 0
0 0 0 0 0 0 0 0 0 0 0 0 0 0 0 0 0 0 0 0 0 0 0 0 0 0 0 0 2 1 0 0 0 0 0 10 9 8 0 0 0 0 18 17 16 0 0 0 0
0 0 0 0 0 0 0 0 0 0 0 0 0 0 0 0 0 0 0 0 0 0 0 0 0 0 0 0 3 2 1 0 0 0 0 11 10 9 8 0 0 0 19 18 17 16 0 0 0
0 0 0 0 0 0 0 0 0 0 0 0 0 0 0 0 0 0 0 0 0 0 0 0 0 0 0 0 4 3 2 1 0 0 0 12 11 10 9 8 0 0 20 19 18 17 16 0 0
0 0 0 0 0 0 0 0 0 0 0 0 0 0 0 0 0 0 0 0 0 0 0 0 0 0 0 0 5 4 3 2 1 0 0 13 12 11 10 9 8 0 21 20 19 18 17 16 0
0 0 0 0 0 0 0 0 0 0 0 0 0 0 0 0 0 0 0 0 0 0 0 0 0 0 0 0 6 5 4 3 2 1 0 14 13 12 11 10 9 8 22 21 20 19 18 17 16
0 0 0 0 0 0 0 0 0 0 0 0 0 0 0 0 0 0 0 0 0 0 0 0 0 0 0 0 7 6 5 4 3 2 1 15 14 13 12 11 10 9 23 22 21 20 19 18 17
0 0 0 0 0 0 0 0 0 0 0 0 0 0 0 0 0 0 0 0 0 0 0 0 0 0 0 0 8 0 0 0 0 0 0 16 0 0 0 0 0 0 24 0 0 0 0 0 0
0 0 0 0 0 0 0 0 0 0 0 0 0 0 0 0 0 0 0 0 0 1 0 0 0 0 0 0 9 8 0 0 0 0 0 17 16 0 0 0 0 0 25 24 0 0 0 0 0
0 0 0 0 0 0 0 0 0 0 0 0 0 0 0 0 0 0 0 0 0 2 1 0 0 0 0 0 10 9 8 0 0 0 0 18 17 16 0 0 0 0 26 25 24 0 0 0 0
0 0 0 0 0 0 0 0 0 0 0 0 0 0 0 0 0 0 0 0 0 3 2 1 0 0 0 0 11 10 9 8 0 0 0 19 18 17 16 0 0 0 27 26 25 24 0 0 0
0 0 0 0 0 0 0 0 0 0 0 0 0 0 0 0 0 0 0 0 0 4 3 2 1 0 0 0 12 11 10 9 8 0 0 20 19 18 17 16 0 0 28 27 26 25 24 0 0
0 0 0 0 0 0 0 0 0 0 0 0 0 0 0 0 0 0 0 0 0 5 4 3 2 1 0 0 13 12 11 10 9 8 0 21 20 19 18 17 16 0 29 28 27 26 25 24 0
0 0 0 0 0 0 0 0 0 0 0 0 0 0 0 0 0 0 0 0 0 6 5 4 3 2 1 0 14 13 12 11 10 9 8 22 21 20 19 18 17 16 30 29 28 27 26 25 24
0 0 0 0 0 0 0 0 0 0 0 0 0 0 0 0 0 0 0 0 0 7 6 5 4 3 2 1 15 14 13 12 11 10 9 23 22 21 20 19 18 17 31 30 29 28 27 26 25
0 0 0 0 0 0 0 0 0 0 0 0 0 0 0 0 0 0 0 0 0 8 0 0 0 0 0 0 16 0 0 0 0 0 0 24 0 0 0 0 0 0 32 0 0 0 0 0 0
0 0 0 0 0 0 0 0 0 0 0 0 0 0 1 0 0 0 0 0 0 9 8 0 0 0 0 0 17 16 0 0 0 0 0 25 24 0 0 0 0 0 33 32 0 0 0 0 0
0 0 0 0 0 0 0 0 0 0 0 0 0 0 2 1 0 0 0 0 0 10 9 8 0 0 0 0 18 17 16 0 0 0 0 26 25 24 0 0 0 0 34 33 32 0 0 0 0
0 0 0 0 0 0 0 0 0 0 0 0 0 0 3 2 1 0 0 0 0 11 10 9 8 0 0 0 19 18 17 16 0 0 0 27 26 25 24 0 0 0 35 34 33 32 0 0 0
0 0 0 0 0 0 0 0 0 0 0 0 0 0 4 3 2 1 0 0 0 12 11 10 9 8 0 0 20 19 18 17 16 0 0 28 27 26 25 24 0 0 36 35 34 33 32 0 0
0 0 0 0 0 0 0 0 0 0 0 0 0 0 5 4 3 2 1 0 0 13 12 11 10 9 8 0 21 20 19 18 17 16 0 29 28 27 26 25 24 0 37 36 35 34 33 32 0
0 0 0 0 0 0 0 0 0 0 0 0 0 0 6 5 4 3 2 1 0 14 13 12 11 10 9 8 22 21 20 19 18 17 16 30 29 28 27 26 25 24 38 37 36 35 34 33 32
0 0 0 0 0 0 0 0 0 0 0 0 0 0 7 6 5 4 3 2 1 15 14 13 12 11 10 9 23 22 21 20 19 18 17 31 30 29 28 27 26 25 39 38 37 36 35 34 33
0 0 0 0 0 0 0 0 0 0 0 0 0 0 8 0 0 0 0 0 0 16 0 0 0 0 0 0 24 0 0 0 0 0 0 32 0 0 0 0 0 0 40 0 0 0 0 0 0
0 0 0 0 0 0 0 1 0 0 0 0 0 0 9 8 0 0 0 0 0 17 16 0 0 0 0 0 25 24 0 0 0 0 0 33 32 0 0 0 0 0 41 40 0 0 0 0 0
0 0 0 0 0 0 0 2 1 0 0 0 0 0 10 9 8 0 0 0 0 18 17 16 0 0 0 0 26 25 24 0 0 0 0 34 33 32 0 0 0 0 42 41 40 0 0 0 0
0 0 0 0 0 0 0 3 2 1 0 0 0 0 11 10 9 8 0 0 0 19 18 17 16 0 0 0 27 26 25 24 0 0 0 35 34 33 32 0 0 0 43 42 41 40 0 0 0
0 0 0 0 0 0 0 4 3 2 1 0 0 0 12 11 10 9 8 0 0 20 19 18 17 16 0 0 28 27 26 25 24 0 0 36 35 34 33 32 0 0 44 43 42 41 40 0 0
0 0 0 0 0 0 0 5 4 3 2 1 0 0 13 12 11 10 9 8 0 21 20 19 18 17 16 0 29 28 27 26 25 24 0 37 36 35 34 33 32 0 45 44 43 42 41 40 0
0 0 0 0 0 0 0 6 5 4 3 2 1 0 14 13 12 11 10 9 8 22 21 20 19 18 17 16 30 29 28 27 26 25 24 38 37 36 35 34 33 32 46 45 44 43 42 41 40
0 0 0 0 0 0 0 7 6 5 4 3 2 1 15 14 13 12 11 10 9 23 22 21 20 19 18 17 31 30 29 28 27 26 25 39 38 37 36 35 34 33 47 46 45 44 43 42 41
0 0 0 0 0 0 0 8 0 0 0 0 0 0 16 0 0 0 0 0 0 24 0 0 0 0 0 0 32 0 0 0 0 0 0 40 0 0 0 0 0 0 48 0 0 0 0 0 0
1 0 0 0 0 0 0 9 8 0 0 0 0 0 17 16 0 0 0 0 0 25 24 0 0 0 0 0 33 32 0 0 0 0 0 41 40 0 0 0 0 0 49 48 0 0 0 0 0
2 1 0 0 0 0 0 10 9 8 0 0 0 0 18 17 16 0 0 0 0 26 25 24 0 0 0 0 34 33 32 0 0 0 0 42 41 40 0 0 0 0 50 49 48 0 0 0 0
3 2 1 0 0 0 0 11 10 9 8 0 0 0 19 18 17 16 0 0 0 27 26 25 24 0 0 0 35 34 33 32 0 0 0 43 42 41 40 0 0 0 51 50 49 48 0 0 0
4 3 2 1 0 0 0 12 11 10 9 8 0 0 20 19 18 17 16 0 0 28 27 26 25 24 0 0 36 35 34 33 32 0 0 44 43 42 41 40 0 0 52 51 50 49 48 0 0
5 4 3 2 1 0 0 13 12 11 10 9 8 0 21 20 19 18 17 16 0 29 28 27 26 25 24 0 37 36 35 34 33 32 0 45 44 43 42 41 40 0 53 52 51 50 49 48 0
6 5 4 3 2 1 0 14 13 12 11 10 9 8 22 21 20 19 18 17 16 30 29 28 27 26 25 24 38 37 36 35 34 33 32 46 45 44 43 42 41 40 54 53 52 51 50 49 48
7 6 5 4 3 2 1 15 14 13 12 11 10 9 23 22 21 20 19 18 17 31 30 29 28 27 26 25 39 38 37 36 35 34 33 47 46 45 44 43 42 41 55 54 53 52 51 50 49
8 0 0 0 0 0 0 16 0 0 0 0 0 0 24 0 0 0 0 0 0 32 0 0 0 0 0 0 40 0 0 0 0 0 0 48 0 0 0 0 0 0 56 0 0 0 0 0 0
9 8 0 0 0 0 0 17 16 0 0 0 0 0 25 24 0 0 0 0 0 33 32 0 0 0 0 0 41 40 0 0 0 0 0 49 48 0 0 0 0 0 57 56 0 0 0 0 0
10 9 8 0 0 0 0 18 17 16 0 0 0 0 26 25 24 0 0 0 0 34 33 32 0 0 0 0 42 41 40 0 0 0 0 50 49 48 0 0 0 0 58 57 56 0 0 0 0
11 10 9 8 0 0 0 19 18 17 16 0 0 0 27 26 25 24 0 0 0 35 34 33 32 0 0 0 43 42 41 40 0 0 0 51 50 49 48 0 0 0 59 58 57 56 0 0 0
12 11 10 9 8 0 0 20 19 18 17 16 0 0 28 27 26 25 24 0 0 36 35 34 33 32 0 0 44 43 42 41 40 0 0 52 51 50 49 48 0 0 60 59 58 57 56 0 0
13 12 11 10 9 8 0 21 20 19 18 17 16 0 29 28 27 26 25 24 0 37 36 35 34 33 32 0 45 44 43 42 41 40 0 53 52 51 50 49 48 0 61 60 59 58 57 56 0
14 13 12 11 10 9 8 22 21 20 19 18 17 16 30 29 28 27 26 25 24 38 37 36 35 34 33 32 46 45 44 43 42 41 40 54 53 52 51 50 49 48 62 61 60 59 58 57 56
15 14 13 12 11 10 9 23 22 21 20 19 18 17 31 30 29 28 27 26 25 39 38 37 36 35 34 33 47 46 45 44 43 42 41 55 54 53 52 51 50 49 63 62 61 60 59 58 57
0 0 0 0 0 0 0 0 0 0 0 0 0 0 0 0 0 0 0 0 0 0 0 0 0 0 0 0 0 0 0 0 0 0 0 0 0 0 0 0 0 0 128 0 0 0 0 0 0
0 0 0 0 0 0 0 0 0 0 0 0 0 0 0 0 0 0 0 0 0 0 0 0 0 0 0 0 0 0 0 0 0 0 0 0 0 0 0 0 0 0 128 128 0 0 0 0 0
0 0 0 0 0 0 0 0 0 0 0 0 0 0 0 0 0 0 0 0 0 0 0 0 0 0 0 0 0 0 0 0 0 0 0 0 0 0 0 0 0 0 128 128 128 0 0 0 0
0 0 0 0 0 0 0 0 0 0 0 0 0 0 0 0 0 0 0 0 0 0 0 0 0 0 0 0 0 0 0 0 0 0 0 0 0 0 0 0 0 0 128 128 128 128 0 0 0
0 0 0 0 0 0 0 0 0 0 0 0 0 0 0 0 0 0 0 0 0 0 0 0 0 0 0 0 0 0 0 0 0 0 0 0 0 0 0 0 0 0 128 128 128 128 128 0 0
0 0 0 0 0 0 0 0 0 0 0 0 0 0 0 0 0 0 0 0 0 0 0 0 0 0 0 0 0 0 0 0 0 0 0 0 0 0 0 0 0 0 128 128 128 128 128 128 0
0 0 0 0 0 0 0 0 0 0 0 0 0 0 0 0 0 0 0 0 0 0 0 0 0 0 0 0 0 0 0 0 0 0 0 0 0 0 0 0 0 0 128 128 128 128 128 128 128
0 0 0 0 0 0 0 0 0 0 0 0 0 0 0 0 0 0 0 0 0 0 0 0 0 0 0 0 0 0 0 0 0 0 0 0 0 0 0 0 0 0 128 128 128 128 128 128 128
0 0 0 0 0 0 0 0 0 0 0 0 0 0 0 0 0 0 0 0 0 0 0 0 0 0 0 0 0 0 0 0 0 0 0 128 0 0 0 0 0 0 128 0 0 0 0 0 0
0 0 0 0 0 0 0 0 0 0 0 0 0 0 0 0 0 0 0 0 0 0 0 0 0 0 0 0 0 0 0 0 0 0 0 128 128 0 0 0 0 0 128 128 0 0 0 0 0
0 0 0 0 0 0 0 0 0 0 0 0 0 0 0 0 0 0 0 0 0 0 0 0 0 0 0 0 0 0 0 0 0 0 0 128 128 128 0 0 0 0 128 128 128 0 0 0 0
0 0 0 0 0 0 0 0 0 0 0 0 0 0 0 0 0 0 0 0 0 0 0 0 0 0 0 0 0 0 0 0 0 0 0 128 128 128 128 0 0 0 128 128 128 128 0 0 0
0 0 0 0 0 0 0 0 0 0 0 0 0 0 0 0 0 0 0 0 0 0 0 0 0 0 0 0 0 0 0 0 0 0 0 128 128 128 128 128 0 0 128 128 128 128 128 0 0
0 0 0 0 0 0 0 0 0 0 0 0 0 0 0 0 0 0 0 0 0 0 0 0 0 0 0 0 0 0 0 0 0 0 0 128 128 128 128 128 128 0 128 128 128 128 128 128 0
0 0 0 0 0 0 0 0 0 0 0 0 0 0 0 0 0 0 0 0 0 0 0 0 0 0 0 0 0 0 0 0 0 0 0 128 128 128 128 128 128 128 128 128 128 128 128 128 128
0 0 0 0 0 0 0 0 0 0 0 0 0 0 0 0 0 0 0 0 0 0 0 0 0 0 0 0 0 0 0 0 0 0 0 128 128 128 128 128 128 128 128 128 128 128 128 128 128
0 0 0 0 0 0 0 0 0 0 0 0 0 0 0 0 0 0 0 0 0 0 0 0 0 0 0 0 128 0 0 0 0 0 0 128 0 0 0 0 0 0 128 0 0 0 0 0 0
0 0 0 0 0 0 0 0 0 0 0 0 0 0 0 0 0 0 0 0 0 0 0 0 0 0 0 0 128 128 0 0 0 0 0 128 128 0 0 0 0 0 128 128 0 0 0 0 0
0 0 0 0 0 0 0 0 0 0 0 0 0 0 0 0 0 0 0 0 0 0 0 0 0 0 0 0 128 128 128 0 0 0 0 128 128 128 0 0 0 0 128 128 128 0 0 0 0
0 0 0 0 0 0 0 0 0 0 0 0 0 0 0 0 0 0 0 0 0 0 0 0 0 0 0 0 128 128 128 128 0 0 0 128 128 128 128 0 0 0 128 128 128 128 0 0 0
0 0 0 0 0 0 0 0 0 0 0 0 0 0 0 0 0 0 0 0 0 0 0 0 0 0 0 0 128 128 128 128 128 0 0 128 128 128 128 128 0 0 128 128 128 128 128 0 0
0 0 0 0 0 0 0 0 0 0 0 0 0 0 0 0 0 0 0 0 0 0 0 0 0 0 0 0 128 128 128 128 128 128 0 128 128 128 128 128 128 0 128 128 128 128 128 128 0
0 0 0 0 0 0 0 0 0 0 0 0 0 0 0 0 0 0 0 0 0 0 0 0 0 0 0 0 128 128 128 128 128 128 128 128 128 128 128 128 128 128 128 128 128 128 128 128 128
0 0 0 0 0 0 0 0 0 0 0 0 0 0 0 0 0 0 0 0 0 0 0 0 0 0 0 0 128 128 128 128 128 128 128 128 128 128 128 128 128 128 128 128 128 128 128 128 128
0 0 0 0 0 0 0 0 0 0 0 0 0 0 0 0 0 0 0 0 0 128 0 0 0 0 0 0 128 0 0 0 0 0 0 128 0 0 0 0 0 0 128 0 0 0 0 0 0
0 0 0 0 0 0 0 0 0 0 0 0 0 0 0 0 0 0 0 0 0 128 128 0 0 0 0 0 128 128 0 0 0 0 0 128 128 0 0 0 0 0 128 128 0 0 0 0 0
0 0 0 0 0 0 0 0 0 0 0 0 0 0 0 0 0 0 0 0 0 128 128 128 0 0 0 0 128 128 128 0 0 0 0 128 128 128 0 0 0 0 128 128 128 0 0 0 0
0 0 0 0 0 0 0 0 0 0 0 0 0 0 0 0 0 0 0 0 0 128 128 128 128 0 0 0 128 128 128 128 0 0 0 128 128 128 128 0 0 0 128 128 128 128 0 0 0
0 0 0 0 0 0 0 0 0 0 0 0 0 0 0 0 0 0 0 0 0 128 128 128 128 128 0 0 128 128 128 128 128 0 0 128 128 128 128 128 0 0 128 128 128 128 128 0 0
0 0 0 0 0 0 0 0 0 0 0 0 0 0 0 0 0 0 0 0 0 128 128 128 128 128 128 0 128 128 128 128 128 128 0 128 128 128 128 128 128 0 128 128 128 128 128 128 0
0 0 0 0 0 0 0 0 0 0 0 0 0 0 0 0 0 0 0 0 0 128 128 128 128 128 128 128 128 128 128 128 128 128 128 128 128 128 128 128 128 128 128 128 128 128 128 128 128
0 0 0 0 0 0 0 0 0 0 0 0 0 0 0 0 0 0 0 0 0 128 128 128 128 128 128 128 128 128 128 128 128 128 128 128 128 128 128 128 128 128 128 128 128 128 128 128 128
0 0 0 0 0 0 0 0 0 0 0 0 0 0 128 0 0 0 0 0 0 128 0 0 0 0 0 0 128 0 0 0 0 0 0 128 0 0 0 0 0 0 128 0 0 0 0 0 0
0 0 0 0 0 0 0 0 0 0 0 0 0 0 128 128 0 0 0 0 0 128 128 0 0 0 0 0 128 128 0 0 0 0 0 128 128 0 0 0 0 0 128 128 0 0 0 0 0
0 0 0 0 0 0 0 0 0 0 0 0 0 0 128 128 128 0 0 0 0 128 128 128 0 0 0 0 128 128 128 0 0 0 0 128 128 128 0 0 0 0 128 128 128 0 0 0 0
0 0 0 0 0 0 0 0 0 0 0 0 0 0 128 128 128 128 0 0 0 128 128 128 128 0 0 0 128 128 128 128 0 0 0 128 128 128 128 0 0 0 128 128 128 128 0 0 0
0 0 0 0 0 0 0 0 0 0 0 0 0 0 128 128 128 128 128 0 0 128 128 128 128 128 0 0 128 128 128 128 128 0 0 128 128 128 128 128 0 0 128 128 128 128 128 0 0
0 0 0 0 0 0 0 0 0 0 0 0 0 0 128 128 128 128 128 128 0 128 128 128 128 128 128 0 128 128 128 128 128 128 0 128 128 128 128 128 128 0 128 128 128 128 128 128 0
0 0 0 0 0 0 0 0 0 0 0 0 0 0 128 128 128 128 128 128 128 128 128 128 128 128 128 128 128 128 128 128 128 128 128 128 128 128 128 128 128 128 128 128 128 128 128 128 128
0 0 0 0 0 0 0 0 0 0 0 0 0 0 128 128 128 128 128 128 128 128 128 128 128 128 128 128 128 128 128 128 128 128 128 128 128 128 128 128 128 128 128 128 128 128 128 128 128
0 0 0 0 0 0 0 128 0 0 0 0 0 0 128 0 0 0 0 0 0 128 0 0 0 0 0 0 128 0 0 0 0 0 0 128 0 0 0 0 0 0 128 0 0 0 0 0 0
0 0 0 0 0 0 0 128 128 0 0 0 0 0 128 128 0 0 0 0 0 128 128 0 0 0 0 0 128 128 0 0 0 0 0 128 128 0 0 0 0 0 128 128 0 0 0 0 0
0 0 0 0 0 0 0 128 128 128 0 0 0 0 128 128 128 0 0 0 0 128 128 128 0 0 0 0 128 128 128 0 0 0 0 128 128 128 0 0 0 0 128 128 128 0 0 0 0
0 0 0 0 0 0 0 128 128 128 128 0 0 0 128 128 128 128 0 0 0 128 128 128 128 0 0 0 128 128 128 128 0 0 0 128 128 128 128 0 0 0 128 128 128 128 0 0 0
0 0 0 0 0 0 0 128 128 128 128 128 0 0 128 128 128 128 128 0 0 128 128 128 128 128 0 0 128 128 128 128 128 0 0 128 128 128 128 128 0 0 128 128 128 128 128 0 0
0 0 0 0 0 0 0 128 128 128 128 128 128 0 128 128 128 128 128 128 0 128 128 128 128 128 128 0 128 128 128 128 128 128 0 128 128 128 128 128 128 0 128 128 128 128 128 128 0
0 0 0 0 0 0 0 128 128 128 128 128 128 128 128 128 128 128 128 128 128 128 128 128 128 128 128 128 128 128 128 128 128 128 128 128 128 128 128 128 128 128 128 128 128 128 128 128 128
0 0 0 0 0 0 0 128 128 128 128 128 128 128 128 128 128 128 128 128 128 128 128 128 128 128 128 128 128 128 128 128 128 128 128 128 128 128 128 128 128 128 128 128 128 128 128 128 128
128 0 0 0 0 0 0 128 0 0 0 0 0 0 128 0 0 0 0 0 0 128 0 0 0 0 0 0 128 0 0 0 0 0 0 128 0 0 0 0 0 0 128 0 0 0 0 0 0
128 128 0 0 0 0 0 128 128 0 0 0 0 0 128 128 0 0 0 0 0 128 128 0 0 0 0 0 128 128 0 0 0 0 0 128 128 0 0 0 0 0 128 128 0 0 0 0 0
128 128 128 0 0 0 0 128 128 128 0 0 0 0 128 128 128 0 0 0 0 128 128 128 0 0 0 0 128 128 128 0 0 0 0 128 128 128 0 0 0 0 128 128 128 0 0 0 0
128 128 128 128 0 0 0 128 128 128 128 0 0 0 128 128 128 128 0 0 0 128 128 128 128 0 0 0 128 128 128 128 0 0 0 128 128 128 128 0 0 0 128 128 128 128 0 0 0
128 128 128 128 128 0 0 128 128 128 128 128 0 0 128 128 128 128 128 0 0 128 128 128 128 128 0 0 128 128 128 128 128 0 0 128 128 128 128 128 0 0 128 128 128 128 128 0 0
128 128 128 128 128 128 0 128 128 128 128 128 128 0 128 128 128 128 128 128 0 128 128 128 128 128 128 0 128 128 128 128 128 128 0 128 128 128 128 128 128 0 128 128 128 128 128 128 0
128 128 128 128 128 128 128 128 128 128 128 128 128 128 128 128 128 128 128 128 128 128 128 128 128 128 128 128 128 128 128 128 128 128 128 128 128 128 128 128 128 128 128 128 128 128 128 128 128
128 128 128 128 128 128 128 128 128 128 128 128 128 128 128 128 128 128 128 128 128 128 128 128 128 128 128 128 128 128 128 128 128 128 128 128 128 128 128 128 128 128 128 128 128 128 128 128 128
128 0 0 0 0 0 0 128 0 0 0 0 0 0 128 0 0 0 0 0 0 128 0 0 0 0 0 0 128 0 0 0 0 0 0 128 0 0 0 0 0 0 128 0 0 0 0 0 0
128 128 0 0 0 0 0 128 128 0 0 0 0 0 128 128 0 0 0 0 0 128 128 0 0 0 0 0 128 128 0 0 0 0 0 128 128 0 0 0 0 0 128 128 0 0 0 0 0
128 128 128 0 0 0 0 128 128 128 0 0 0 0 128 128 128 0 0 0 0 128 128 128 0 0 0 0 128 128 128 0 0 0 0 128 128 128 0 0 0 0 128 128 128 0 0 0 0
128 128 128 128 0 0 0 128 128 128 128 0 0 0 128 128 128 128 0 0 0 128 128 128 128 0 0 0 128 128 128 128 0 0 0 128 128 128 128 0 0 0 128 128 128 128 0 0 0
128 128 128 128 128 0 0 128 128 128 128 128 0 0 128 128 128 128 128 0 0 128 128 128 128 128 0 0 128 128 128 128 128 0 0 128 128 128 128 128 0 0 128 128 128 128 128 0 0
128 128 128 128 128 128 0 128 128 128 128 128 128 0 128 128 128 128 128 128 0 128 128 128 128 128 128 0 128 128 128 128 128 128 0 128 128 128 128 128 128 0 128 128 128 128 128 128 0
128 128 128 128 128 128 128 128 128 128 128 128 128 128 128 128 128 128 128 128 128 128 128 128 128 128 128 128 128 128 128 128 128 128 128 128 128 128 128 128 128 128 128 128 128 128 128 128 128
128 128 128 128 128 128 128 128 128 128 128 128 128 128 128 128 128 128 128 128 128 128 128 128 128 128 128 128 128 128 128 128 128 128 128 128 128 128 128 128 128 128 128 128 128 128 128 128 128
0 0 0 0 0 0 0 0 0 0 0 0 0 0 0 0 0 0 0 0 0 0 0 0 0 0 0 0 0 0 0 0 0 0 0 0 0 0 0 0 0 0 170 0 0 0 0 0 0
0 0 0 0 0 0 0 0 0 0 0 0 0 0 0 0 0 0 0 0 0 0 0 0 0 0 0 0 0 0 0 0 0 0 0 0 0 0 0 0 0 0 85 170 0 0 0 0 0
0 0 0 0 0 0 0 0 0 0 0 0 0 0 0 0 0 0 0 0 0 0 0 0 0 0 0 0 0 0 0 0 0 0 0 0 0 0 0 0 0 0 170 85 170 0 0 0 0
0 0 0 0 0 0 0 0 0 0 0 0 0 0 0 0 0 0 0 0 0 0 0 0 0 0 0 0 0 0 0 0 0 0 0 0 0 0 0 0 0 0 85 170 85 170 0 0 0
0 0 0 0 0 0 0 0 0 0 0 0 0 0 0 0 0 0 0 0 0 0 0 0 0 0 0 0 0 0 0 0 0 0 0 0 0 0 0 0 0 0 170 85 170 85 170 0 0
0 0 0 0 0 0 0 0 0 0 0 0 0 0 0 0 0 0 0 0 0 0 0 0 0 0 0 0 0 0 0 0 0 0 0 0 0 0 0 0 0 0 85 170 85 170 85 170 0
0 0 0 0 0 0 0 0 0 0 0 0 0 0 0 0 0 0 0 0 0 0 0 0 0 0 0 0 0 0 0 0 0 0 0 0 0 0 0 0 0 0 170 85 170 85 170 85 170
0 0 0 0 0 0 0 0 0 0 0 0 0 0 0 0 0 0 0 0 0 0 0 0 0 0 0 0 0 0 0 0 0 0 0 0 0 0 0 0 0 0 85 170 85 170 85 170 85
0 0 0 0 0 0 0 0 0 0 0 0 0 0 0 0 0 0 0 0 0 0 0 0 0 0 0 0 0 0 0 0 0 0 0 170 0 0 0 0 0 0 85 0 0 0 0 0 0
0 0 0 0 0 0 0 0 0 0 0 0 0 0 0 0 0 0 0 0 0 0 0 0 0 0 0 0 0 0 0 0 0 0 0 85 170 0 0 0 0 0 170 85 0 0 0 0 0
0 0 0 0 0 0 0 0 0 0 0 0 0 0 0 0 0 0 0 0 0 0 0 0 0 0 0 0 0 0 0 0 0 0 0 170 85 170 0 0 0 0 85 170 85 0 0 0 0
0 0 0 0 0 0 0 0 0 0 0 0 0 0 0 0 0 0 0 0 0 0 0 0 0 0 0 0 0 0 0 0 0 0 0 85 170 85 170 0 0 0 170 85 170 85 0 0 0
0 0 0 0 0 0 0 0 0 0 0 0 0 0 0 0 0 0 0 0 0 0 0 0 0 0 0 0 0 0 0 0 0 0 0 170 85 170 85 170 0 0 85 170 85 170 85 0 0
0 0 0 0 0 0 0 0 0 0 0 0 0 0 0 0 0 0 0 0 0 0 0 0 0 0 0 0 0 0 0 0 0 0 0 85 170 85 170 85 170 0 170 85 170 85 170 85 0
0 0 0 0 0 0 0 0 0 0 0 0 0 0 0 0 0 0 0 0 0 0 0 0 0 0 0 0 0 0 0 0 0 0 0 170 85 170 85 170 85 170 85 170 85 170 85 170 85
0 0 0 0 0 0 0 0 0 0 0 0 0 0 0 0 0 0 0 0 0 0 0 0 0 0 0 0 0 0 0 0 0 0 0 85 170 85 170 85 170 85 170 85 170 85 170 85 170
0 0 0 0 0 0 0 0 0 0 0 0 0 0 0 0 0 0 0 0 0 0 0 0 0 0 0 0 170 0 0 0 0 0 0 85 0 0 0 0 0 0 170 0 0 0 0 0 0
0 0 0 0 0 0 0 0 0 0 0 0 0 0 0 0 0 0 0 0 0 0 0 0 0 0 0 0 85 170 0 0 0 0 0 170 85 0 0 0 0 0 85 170 0 0 0 0 0
0 0 0 0 0 0 0 0 0 0 0 0 0 0 0 0 0 0 0 0 0 0 0 0 0 0 0 0 170 85 170 0 0 0 0 85 170 85 0 0 0 0 170 85 170 0 0 0 0
0 0 0 0 0 0 0 0 0 0 0 0 0 0 0 0 0 0 0 0 0 0 0 0 0 0 0 0 85 170 85 170 0 0 0 170 85 170 85 0 0 0 85 170 85 170 0 0 0
0 0 0 0 0 0 0 0 0 0 0 0 0 0 0 0 0 0 0 0 0 0 0 0 0 0 0 0 170 85 170 85 170 0 0 85 170 85 170 85 0 0 170 85 170 85 170 0 0
0 0 0 0 0 0 0 0 0 0 0 0 0 0 0 0 0 0 0 0 0 0 0 0 0 0 0 0 85 170 85 170 85 170 0 170 85 170 85 170 85 0 85 170 85 170 85 170 0
0 0 0 0 0 0 0 0 0 0 0 0 0 0 0 0 0 0 0 0 0 0 0 0 0 0 0 0 170 85 170 85 170 85 170 85 170 85 170 85 170 85 170 85 170 85 170 85 170
0 0 0 0 0 0 0 0 0 0 0 0 0 0 0 0 0 0 0 0 0 0 0 0 0 0 0 0 85 170 85 170 85 170 85 170 85 170 85 170 85 170 85 170 85 170 85 170 85
0 0 0 0 0 0 0 0 0 0 0 0 0 0 0 0 0 0 0 0 0 170 0 0 0 0 0 0 85 0 0 0 0 0 0 170 0 0 0 0 0 0 85 0 0 0 0 0 0
0 0 0 0 0 0 0 0 0 0 0 0 0 0 0 0 0 0 0 0 0 85 170 0 0 0 0 0 170 85 0 0 0 0 0 85 170 0 0 0 0 0 170 85 0 0 0 0 0
0 0 0 0 0 0 0 0 0 0 0 0 0 0 0 0 0 0 0 0 0 170 85 170 0 0 0 0 85 170 85 0 0 0 0 170 85 170 0 0 0 0 85 170 85 0 0 0 0
0 0 0 0 0 0 0 0 0 0 0 0 0 0 0 0 0 0 0 0 0 85 170 85 170 0 0 0 170 85 170 85 0 0 0 85 170 85 170 0 0 0 170 85 170 85 0 0 0
0 0 0 0 0 0 0 0 0 0 0 0 0 0 0 0 0 0 0 0 0 170 85 170 85 170 0 0 85 170 85 170 85 0 0 170 85 170 85 170 0 0 85 170 85 170 85 0 0
0 0 0 0 0 0 0 0 0 0 0 0 0 0 0 0 0 0 0 0 0 85 170 85 170 85 170 0 170 85 170 85 170 85 0 85 170 85 170 85 170 0 170 85 170 85 170 85 0
0 0 0 0 0 0 0 0 0 0 0 0 0 0 0 0 0 0 0 0 0 170 85 170 85 170 85 170 85 170 85 170 85 170 85 170 85 170 85 170 85 170 85 170 85 170 85 170 85
0 0 0 0 0 0 0 0 0 0 0 0 0 0 0 0 0 0 0 0 0 85 170 85 170 85 170 85 170 85 170 85 170 85 170 85 170 85 170 85 170 85 170 85 170 85 170 85 170
0 0 0 0 0 0 0 0 0 0 0 0 0 0 170 0 0 0 0 0 0 85 0 0 0 0 0 0 170 0 0 0 0 0 0 85 0 0 0 0 0 0 170 0 0 0 0 0 0
0 0 0 0 0 0 0 0 0 0 0 0 0 0 85 170 0 0 0 0 0 170 85 0 0 0 0 0 85 170 0 0 0 0 0 170 85 0 0 0 0 0 85 170 0 0 0 0 0
0 0 0 0 0 0 0 0 0 0 0 0 0 0 170 85 170 0 0 0 0 85 170 85 0 0 0 0 170 85 170 0 0 0 0 85 170 85 0 0 0 0 170 85 170 0 0 0 0
0 0 0 0 0 0 0 0 0 0 0 0 0 0 85 170 85 170 0 0 0 170 85 170 85 0 0 0 85 170 85 170 0 0 0 170 85 170 85 0 0 0 85 170 85 170 0 0 0
0 0 0 0 0 0 0 0 0 0 0 0 0 0 170 85 170 85 170 0 0 85 170 85 170 85 0 0 170 85 170 85 170 0 0 85 170 85 170 85 0 0 170 85 170 85 170 0 0
0 0 0 0 0 0 0 0 0 0 0 0 0 0 85 170 85 170 85 170 0 170 85 170 85 170 85 0 85 170 85 170 85 170 0 170 85 170 85 170 85 0 85 170 85 170 85 170 0
0 0 0 0 0 0 0 0 0 0 0 0 0 0 170 85 170 85 170 85 170 85 170 85 170 85 170 85 170 85 170 85 170 85 170 85 170 85 170 85 170 85 170 85 170 85 170 85 170
0 0 0 0 0 0 0 0 0 0 0 0 0 0 85 170 85 170 85 170 85 170 85 170 85 170 85 170 85 170 85 170 85 170 85 170 85 170 85 170 85 170 85 170 85 170 85 170 85
0 0 0 0 0 0 0 170 0 0 0 0 0 0 85 0 0 0 0 0 0 170 0 0 0 0 0 0 85 0 0 0 0 0 0 170 0 0 0 0 0 0 85 0 0 0 0 0 0
0 0 0 0 0 0 0 85 170 0 0 0 0 0 170 85 0 0 0 0 0 85 170 0 0 0 0 0 170 85 0 0 0 0 0 85 170 0 0 0 0 0 170 85 0 0 0 0 0
0 0 0 0 0 0 0 170 85 170 0 0 0 0 85 170 85 0 0 0 0 170 85 170 0 0 0 0 85 170 85 0 0 0 0 170 85 170 0 0 0 0 85 170 85 0 0 0 0
0 0 0 0 0 0 0 85 170 85 170 0 0 0 170 85 170 85 0 0 0 85 170 85 170 0 0 0 170 85 170 85 0 0 0 85 170 85 170 0 0 0 170 85 170 85 0 0 0
0 0 0 0 0 0 0 170 85 170 85 170 0 0 85 170 85 170 85 0 0 170 85 170 85 170 0 0 85 170 85 170 85 0 0 170 85 170 85 170 0 0 85 170 85 170 85 0 0
0 0 0 0 0 0 0 85 170 85 170 85 170 0 170 85 170 85 170 85 0 85 170 85 170 85 170 0 170 85 170 85 170 85 0 85 170 85 170 85 170 0 170 85 170 85 170 85 0
0 0 0 0 0 0 0 170 85 170 85 170 85 170 85 170 85 170 85 170 85 170 85 170 85 170 85 170 85 170 85 170 85 170 85 170 85 170 85 170 85 170 85 170 85 170 85 170 85
0 0 0 0 0 0 0 85 170 85 170 85 170 85 170 85 170 85 170 85 170 85 170 85 170 85 170 85 170 85 170 85 170 85 170 85 170 85 170 85 170 85 170 85 170 85 170 85 170
170 0 0 0 0 0 0 85 0 0 0 0 0 0 170 0 0 0 0 0 0 85 0 0 0 0 0 0 170 0 0 0 0 0 0 85 0 0 0 0 0 0 170 0 0 0 0 0 0
85 170 0 0 0 0 0 170 85 0 0 0 0 0 85 170 0 0 0 0 0 170 85 0 0 0 0 0 85 170 0 0 0 0 0 170 85 0 0 0 0 0 85 170 0 0 0 0 0
170 85 170 0 0 0 0 85 170 85 0 0 0 0 170 85 170 0 0 0 0 85 170 85 0 0 0 0 170 85 170 0 0 0 0 85 170 85 0 0 0 0 170 85 170 0 0 0 0
85 170 85 170 0 0 0 170 85 170 85 0 0 0 85 170 85 170 0 0 0 170 85 170 85 0 0 0 85 170 85 170 0 0 0 170 85 170 85 0 0 0 85 170 85 170 0 0 0
170 85 170 85 170 0 0 85 170 85 170 85 0 0 170 85 170 85 170 0 0 85 170 85 170 85 0 0 170 85 170 85 170 0 0 85 170 85 170 85 0 0 170 85 170 85 170 0 0
85 170 85 170 85 170 0 170 85 170 85 170 85 0 85 170 85 170 85 170 0 170 85 170 85 170 85 0 85 170 85 170 85 170 0 170 85 170 85 170 85 0 85 170 85 170 85 170 0
170 85 170 85 170 85 170 85 170 85 170 85 170 85 170 85 170 85 170 85 170 85 170 85 170 85 170 85 170 85 170 85 170 85 170 85 170 85 170 85 170 85 170 85 170 85 170 85 170
85 170 85 170 85 170 85 170 85 170 85 170 85 170 85 170 85 170 85 170 85 170 85 170 85 170 85 170 85 170 85 170 85 170 85 170 85 170 85 170 85 170 85 170 85 170 85 170 85
85 0 0 0 0 0 0 170 0 0 0 0 0 0 85 0 0 0 0 0 0 170 0 0 0 0 0 0 85 0 0 0 0 0 0 170 0 0 0 0 0 0 85 0 0 0 0 0 0
170 85 0 0 0 0 0 85 170 0 0 0 0 0 170 85 0 0 0 0 0 85 170 0 0 0 0 0 170 85 0 0 0 0 0 85 170 0 0 0 0 0 170 85 0 0 0 0 0
85 170 85 0 0 0 0 170 85 170 0 0 0 0 85 170 85 0 0 0 0 170 85 170 0 0 0 0 85 170 85 0 0 0 0 170 85 170 0 0 0 0 85 170 85 0 0 0 0
170 85 170 85 0 0 0 85 170 85 170 0 0 0 170 85 170 85 0 0 0 85 170 85 170 0 0 0 170 85 170 85 0 0 0 85 170 85 170 0 0 0 170 85 170 85 0 0 0
85 170 85 170 85 0 0 170 85 170 85 170 0 0 85 170 85 170 85 0 0 170 85 170 85 170 0 0 85 170 85 170 85 0 0 170 85 170 85 170 0 0 85 170 85 170 85 0 0
170 85 170 85 170 85 0 85 170 85 170 85 170 0 170 85 170 85 170 85 0 85 170 85 170 85 170 0 170 85 170 85 170 85 0 85 170 85 170 85 170 0 170 85 170 85 170 85 0
85 170 85 170 85 170 85 170 85 170 85 170 85 170 85 170 85 170 85 170 85 170 85 170 85 170 85 170 85 170 85 170 85 170 85 170 85 170 85 170 85 170 85 170 85 170 85 170 85
170 85 170 85 170 85 170 85 170 85 170 85 170 85 170 85 170 85 170 85 170 85 170 85 170 85 170 85 170 85 170 85 170 85 170 85 170 85 170 85 170 85 170 85 170 85 170 85 170
