0 0 0 0 0 0 0 0 0 0 0 0 0 0 0 0 0 0 0 0 0 0 0 0 0 0 0 0 0 0 0 0 0 0 0 0 0 0 0 0 0 0 0 0 0 0 0 0 0
0 0 0 0 0 0 0 0 0 0 0 0 0 0 0 0 0 0 0 0 0 0 0 0 0 0 0 0 0 0 0 0 0 0 0 0 0 0 0 0 0 0 1 0 0 0 0 0 0
0 0 0 0 0 0 0 0 0 0 0 0 0 0 0 0 0 0 0 0 0 0 0 0 0 0 0 0 0 0 0 0 0 0 0 0 0 0 0 0 0 0 2 1 0 0 0 0 0
0 0 0 0 0 0 0 0 0 0 0 0 0 0 0 0 0 0 0 0 0 0 0 0 0 0 0 0 0 0 0 0 0 0 0 0 0 0 0 0 0 0 3 2 1 0 0 0 0
0 0 0 0 0 0 0 0 0 0 0 0 0 0 0 0 0 0 0 0 0 0 0 0 0 0 0 0 0 0 0 0 0 0 0 0 0 0 0 0 0 0 4 3 2 1 0 0 0
0 0 0 0 0 0 0 0 0 0 0 0 0 0 0 0 0 0 0 0 0 0 0 0 0 0 0 0 0 0 0 0 0 0 0 0 0 0 0 0 0 0 5 4 3 2 1 0 0
0 0 0 0 0 0 0 0 0 0 0 0 0 0 0 0 0 0 0 0 0 0 0 0 0 0 0 0 0 0 0 0 0 0 0 0 0 0 0 0 0 0 6 5 4 3 2 1 0
0 0 0 0 0 0 0 0 0 0 0 0 0 0 0 0 0 0 0 0 0 0 0 0 0 0 0 0 0 0 0 0 0 0 0 0 0 0 0 0 0 0 7 6 5 4 3 2 1
0 0 0 0 0 0 0 0 0 0 0 0 0 0 0 0 0 0 0 0 0 0 0 0 0 0 0 0 0 0 0 0 0 0 0 0 0 0 0 0 0 0 8 7 6 5 4 3 2
0 0 0 0 0 0 0 0 0 0 0 0 0 0 0 0 0 0 0 0 0 0 0 0 0 0 0 0 0 0 0 0 0 0 0 1 0 0 0 0 0 0 9 8 7 6 5 4 3
0 0 0 0 0 0 0 0 0 0 0 0 0 0 0 0 0 0 0 0 0 0 0 0 0 0 0 0 0 0 0 0 0 0 0 2 1 0 0 0 0 0 10 9 8 7 6 5 4
0 0 0 0 0 0 0 0 0 0 0 0 0 0 0 0 0 0 0 0 0 0 0 0 0 0 0 0 0 0 0 0 0 0 0 3 2 1 0 0 0 0 11 10 9 8 7 6 5
0 0 0 0 0 0 0 0 0 0 0 0 0 0 0 0 0 0 0 0 0 0 0 0 0 0 0 0 0 0 0 0 0 0 0 4 3 2 1 0 0 0 12 11 10 9 8 7 6
0 0 0 0 0 0 0 0 0 0 0 0 0 0 0 0 0 0 0 0 0 0 0 0 0 0 0 0 0 0 0 0 0 0 0 5 4 3 2 1 0 0 13 12 11 10 9 8 7
0 0 0 0 0 0 0 0 0 0 0 0 0 0 0 0 0 0 0 0 0 0 0 0 0 0 0 0 0 0 0 0 0 0 0 6 5 4 3 2 1 0 14 13 12 11 10 9 8
0 0 0 0 0 0 0 0 0 0 0 0 0 0 0 0 0 0 0 0 0 0 0 0 0 0 0 0 0 0 0 0 0 0 0 7 6 5 4 3 2 1 15 14 13 12 11 10 9
0 0 0 0 0 0 0 0 0 0 0 0 0 0 0 0 0 0 0 0 0 0 0 0 0 0 0 0 0 0 0 0 0 0 0 8 7 6 5 4 3 2 16 15 14 13 12 11 10
0 0 0 0 0 0 0 0 0 0 0 0 0 0 0 0 0 0 0 0 0 0 0 0 0 0 0 0 1 0 0 0 0 0 0 9 8 7 6 5 4 3 17 16 15 14 13 12 11
0 0 0 0 0 0 0 0 0 0 0 0 0 0 0 0 0 0 0 0 0 0 0 0 0 0 0 0 2 1 0 0 0 0 0 10 9 8 7 6 5 4 18 17 16 15 14 13 12
0 0 0 0 0 0 0 0 0 0 0 0 0 0 0 0 0 0 0 0 0 0 0 0 0 0 0 0 3 2 1 0 0 0 0 11 10 9 8 7 6 5 19 18 17 16 15 14 13
0 0 0 0 0 0 0 0 0 0 0 0 0 0 0 0 0 0 0 0 0 0 0 0 0 0 0 0 4 3 2 1 0 0 0 12 11 10 9 8 7 6 20 19 18 17 16 15 14
0 0 0 0 0 0 0 0 0 0 0 0 0 0 0 0 0 0 0 0 0 0 0 0 0 0 0 0 5 4 3 2 1 0 0 13 12 11 10 9 8 7 21 20 19 18 17 16 15
0 0 0 0 0 0 0 0 0 0 0 0 0 0 0 0 0 0 0 0 0 0 0 0 0 0 0 0 6 5 4 3 2 1 0 14 13 12 11 10 9 8 22 21 20 19 18 17 16
0 0 0 0 0 0 0 0 0 0 0 0 0 0 0 0 0 0 0 0 0 0 0 0 0 0 0 0 7 6 5 4 3 2 1 15 14 13 12 11 10 9 23 22 21 20 19 18 17
0 0 0 0 0 0 0 0 0 0 0 0 0 0 0 0 0 0 0 0 0 0 0 0 0 0 0 0 8 7 6 5 4 3 2 16 15 14 13 12 11 10 24 23 22 21 20 19 18
0 0 0 0 0 0 0 0 0 0 0 0 0 0 0 0 0 0 0 0 0 1 0 0 0 0 0 0 9 8 7 6 5 4 3 17 16 15 14 13 12 11 25 24 23 22 21 20 19
0 0 0 0 0 0 0 0 0 0 0 0 0 0 0 0 0 0 0 0 0 2 1 0 0 0 0 0 10 9 8 7 6 5 4 18 17 16 15 14 13 12 26 25 24 23 22 21 20
0 0 0 0 0 0 0 0 0 0 0 0 0 0 0 0 0 0 0 0 0 3 2 1 0 0 0 0 11 10 9 8 7 6 5 19 18 17 16 15 14 13 27 26 25 24 23 22 21
0 0 0 0 0 0 0 0 0 0 0 0 0 0 0 0 0 0 0 0 0 4 3 2 1 0 0 0 12 11 10 9 8 7 6 20 19 18 17 16 15 14 28 27 26 25 24 23 22
0 0 0 0 0 0 0 0 0 0 0 0 0 0 0 0 0 0 0 0 0 5 4 3 2 1 0 0 13 12 11 10 9 8 7 21 20 19 18 17 16 15 29 28 27 26 25 24 23
0 0 0 0 0 0 0 0 0 0 0 0 0 0 0 0 0 0 0 0 0 6 5 4 3 2 1 0 14 13 12 11 10 9 8 22 21 20 19 18 17 16 30 29 28 27 26 25 24
0 0 0 0 0 0 0 0 0 0 0 0 0 0 0 0 0 0 0 0 0 7 6 5 4 3 2 1 15 14 13 12 11 10 9 23 22 21 20 19 18 17 31 30 29 28 27 26 25
0 0 0 0 0 0 0 0 0 0 0 0 0 0 0 0 0 0 0 0 0 8 7 6 5 4 3 2 16 15 14 13 12 11 10 24 23 22 21 20 19 18 32 31 30 29 28 27 26
0 0 0 0 0 0 0 0 0 0 0 0 0 0 1 0 0 0 0 0 0 9 8 7 6 5 4 3 17 16 15 14 13 12 11 25 24 23 22 21 20 19 33 32 31 30 29 28 27
0 0 0 0 0 0 0 0 0 0 0 0 0 0 2 1 0 0 0 0 0 10 9 8 7 6 5 4 18 17 16 15 14 13 12 26 25 24 23 22 21 20 34 33 32 31 30 29 28
0 0 0 0 0 0 0 0 0 0 0 0 0 0 3 2 1 0 0 0 0 11 10 9 8 7 6 5 19 18 17 16 15 14 13 27 26 25 24 23 22 21 35 34 33 32 31 30 29
0 0 0 0 0 0 0 0 0 0 0 0 0 0 4 3 2 1 0 0 0 12 11 10 9 8 7 6 20 19 18 17 16 15 14 28 27 26 25 24 23 22 36 35 34 33 32 31 30
0 0 0 0 0 0 0 0 0 0 0 0 0 0 5 4 3 2 1 0 0 13 12 11 10 9 8 7 21 20 19 18 17 16 15 29 28 27 26 25 24 23 37 36 35 34 33 32 31
0 0 0 0 0 0 0 0 0 0 0 0 0 0 6 5 4 3 2 1 0 14 13 12 11 10 9 8 22 21 20 19 18 17 16 30 29 28 27 26 25 24 38 37 36 35 34 33 32
0 0 0 0 0 0 0 0 0 0 0 0 0 0 7 6 5 4 3 2 1 15 14 13 12 11 10 9 23 22 21 20 19 18 17 31 30 29 28 27 26 25 39 38 37 36 35 34 33
0 0 0 0 0 0 0 0 0 0 0 0 0 0 8 7 6 5 4 3 2 16 15 14 13 12 11 10 24 23 22 21 20 19 18 32 31 30 29 28 27 26 40 39 38 37 36 35 34
0 0 0 0 0 0 0 1 0 0 0 0 0 0 9 8 7 6 5 4 3 17 16 15 14 13 12 11 25 24 23 22 21 20 19 33 32 31 30 29 28 27 41 40 39 38 37 36 35
0 0 0 0 0 0 0 2 1 0 0 0 0 0 10 9 8 7 6 5 4 18 17 16 15 14 13 12 26 25 24 23 22 21 20 34 33 32 31 30 29 28 42 41 40 39 38 37 36
0 0 0 0 0 0 0 3 2 1 0 0 0 0 11 10 9 8 7 6 5 19 18 17 16 15 14 13 27 26 25 24 23 22 21 35 34 33 32 31 30 29 43 42 41 40 39 38 37
0 0 0 0 0 0 0 4 3 2 1 0 0 0 12 11 10 9 8 7 6 20 19 18 17 16 15 14 28 27 26 25 24 23 22 36 35 34 33 32 31 30 44 43 42 41 40 39 38
0 0 0 0 0 0 0 5 4 3 2 1 0 0 13 12 11 10 9 8 7 21 20 19 18 17 16 15 29 28 27 26 25 24 23 37 36 35 34 33 32 31 45 44 43 42 41 40 39
0 0 0 0 0 0 0 6 5 4 3 2 1 0 14 13 12 11 10 9 8 22 21 20 19 18 17 16 30 29 28 27 26 25 24 38 37 36 35 34 33 32 46 45 44 43 42 41 40
0 0 0 0 0 0 0 7 6 5 4 3 2 1 15 14 13 12 11 10 9 23 22 21 20 19 18 17 31 30 29 28 27 26 25 39 38 37 36 35 34 33 47 46 45 44 43 42 41
0 0 0 0 0 0 0 8 7 6 5 4 3 2 16 15 14 13 12 11 10 24 23 22 21 20 19 18 32 31 30 29 28 27 26 40 39 38 37 36 35 34 48 47 46 45 44 43 42
1 0 0 0 0 0 0 9 8 7 6 5 4 3 17 16 15 14 13 12 11 25 24 23 22 21 20 19 33 32 31 30 29 28 27 41 40 39 38 37 36 35 49 48 47 46 45 44 43
2 1 0 0 0 0 0 10 9 8 7 6 5 4 18 17 16 15 14 13 12 26 25 24 23 22 21 20 34 33 32 31 30 29 28 42 41 40 39 38 37 36 50 49 48 47 46 45 44
3 2 1 0 0 0 0 11 10 9 8 7 6 5 19 18 17 16 15 14 13 27 26 25 24 23 22 21 35 34 33 32 31 30 29 43 42 41 40 39 38 37 51 50 49 48 47 46 45
4 3 2 1 0 0 0 12 11 10 9 8 7 6 20 19 18 17 16 15 14 28 27 26 25 24 23 22 36 35 34 33 32 31 30 44 43 42 41 40 39 38 52 51 50 49 48 47 46
5 4 3 2 1 0 0 13 12 11 10 9 8 7 21 20 19 18 17 16 15 29 28 27 26 25 24 23 37 36 35 34 33 32 31 45 44 43 42 41 40 39 53 52 51 50 49 48 47
6 5 4 3 2 1 0 14 13 12 11 10 9 8 22 21 20 19 18 17 16 30 29 28 27 26 25 24 38 37 36 35 34 33 32 46 45 44 43 42 41 40 54 53 52 51 50 49 48
7 6 5 4 3 2 1 15 14 13 12 11 10 9 23 22 21 20 19 18 17 31 30 29 28 27 26 25 39 38 37 36 35 34 33 47 46 45 44 43 42 41 55 54 53 52 51 50 49
8 7 6 5 4 3 2 16 15 14 13 12 11 10 24 23 22 21 20 19 18 32 31 30 29 28 27 26 40 39 38 37 36 35 34 48 47 46 45 44 43 42 56 55 54 53 52 51 50
9 8 7 6 5 4 3 17 16 15 14 13 12 11 25 24 23 22 21 20 19 33 32 31 30 29 28 27 41 40 39 38 37 36 35 49 48 47 46 45 44 43 57 56 55 54 53 52 51
10 9 8 7 6 5 4 18 17 16 15 14 13 12 26 25 24 23 22 21 20 34 33 32 31 30 29 28 42 41 40 39 38 37 36 50 49 48 47 46 45 44 58 57 56 55 54 53 52
11 10 9 8 7 6 5 19 18 17 16 15 14 13 27 26 25 24 23 22 21 35 34 33 32 31 30 29 43 42 41 40 39 38 37 51 50 49 48 47 46 45 59 58 57 56 55 54 53
12 11 10 9 8 7 6 20 19 18 17 16 15 14 28 27 26 25 24 23 22 36 35 34 33 32 31 30 44 43 42 41 40 39 38 52 51 50 49 48 47 46 60 59 58 57 56 55 54
13 12 11 10 9 8 7 21 20 19 18 17 16 15 29 28 27 26 25 24 23 37 36 35 34 33 32 31 45 44 43 42 41 40 39 53 52 51 50 49 48 47 61 60 59 58 57 56 55
14 13 12 11 10 9 8 22 21 20 19 18 17 16 30 29 28 27 26 25 24 38 37 36 35 34 33 32 46 45 44 43 42 41 40 54 53 52 51 50 49 48 62 61 60 59 58 57 56
15 14 13 12 11 10 9 23 22 21 20 19 18 17 31 30 29 28 27 26 25 39 38 37 36 35 34 33 47 46 45 44 43 42 41 55 54 53 52 51 50 49 63 62 61 60 59 58 57
16 15 14 13 12 11 10 24 23 22 21 20 19 18 32 31 30 29 28 27 26 40 39 38 37 36 35 34 48 47 46 45 44 43 42 56 55 54 53 52 51 50 128 63 62 61 60 59 58
17 16 15 14 13 12 11 25 24 23 22 21 20 19 33 32 31 30 29 28 27 41 40 39 38 37 36 35 49 48 47 46 45 44 43 57 56 55 54 53 52 51 128 128 63 62 61 60 59
18 17 16 15 14 13 12 26 25 24 23 22 21 20 34 33 32 31 30 29 28 42 41 40 39 38 37 36 50 49 48 47 46 45 44 58 57 56 55 54 53 52 128 128 128 63 62 61 60
19 18 17 16 15 14 13 27 26 25 24 23 22 21 35 34 33 32 31 30 29 43 42 41 40 39 38 37 51 50 49 48 47 46 45 59 58 57 56 55 54 53 128 128 128 128 63 62 61
20 19 18 17 16 15 14 28 27 26 25 24 23 22 36 35 34 33 32 31 30 44 43 42 41 40 39 38 52 51 50 49 48 47 46 60 59 58 57 56 55 54 128 128 128 128 128 63 62
21 20 19 18 17 16 15 29 28 27 26 25 24 23 37 36 35 34 33 32 31 45 44 43 42 41 40 39 53 52 51 50 49 48 47 61 60 59 58 57 56 55 128 128 128 128 128 128 63
22 21 20 19 18 17 16 30 29 28 27 26 25 24 38 37 36 35 34 33 32 46 45 44 43 42 41 40 54 53 52 51 50 49 48 62 61 60 59 58 57 56 128 128 128 128 128 128 128
23 22 21 20 19 18 17 31 30 29 28 27 26 25 39 38 37 36 35 34 33 47 46 45 44 43 42 41 55 54 53 52 51 50 49 63 62 61 60 59 58 57 128 128 128 128 128 128 128
24 23 22 21 20 19 18 32 31 30 29 28 27 26 40 39 38 37 36 35 34 48 47 46 45 44 43 42 56 55 54 53 52 51 50 128 63 62 61 60 59 58 128 128 128 128 128 128 128
25 24 23 22 21 20 19 33 32 31 30 29 28 27 41 40 39 38 37 36 35 49 48 47 46 45 44 43 57 56 55 54 53 52 51 128 128 63 62 61 60 59 128 128 128 128 128 128 128
26 25 24 23 22 21 20 34 33 32 31 30 29 28 42 41 40 39 38 37 36 50 49 48 47 46 45 44 58 57 56 55 54 53 52 128 128 128 63 62 61 60 128 128 128 128 128 128 128
27 26 25 24 23 22 21 35 34 33 32 31 30 29 43 42 41 40 39 38 37 51 50 49 48 47 46 45 59 58 57 56 55 54 53 128 128 128 128 63 62 61 128 128 128 128 128 128 128
28 27 26 25 24 23 22 36 35 34 33 32 31 30 44 43 42 41 40 39 38 52 51 50 49 48 47 46 60 59 58 57 56 55 54 128 128 128 128 128 63 62 128 128 128 128 128 128 128
29 28 27 26 25 24 23 37 36 35 34 33 32 31 45 44 43 42 41 40 39 53 52 51 50 49 48 47 61 60 59 58 57 56 55 128 128 128 128 128 128 63 128 128 128 128 128 128 128
30 29 28 27 26 25 24 38 37 36 35 34 33 32 46 45 44 43 42 41 40 54 53 52 51 50 49 48 62 61 60 59 58 57 56 128 128 128 128 128 128 128 128 128 128 128 128 128 128
31 30 29 28 27 26 25 39 38 37 36 35 34 33 47 46 45 44 43 42 41 55 54 53 52 51 50 49 63 62 61 60 59 58 57 128 128 128 128 128 128 128 128 128 128 128 128 128 128
32 31 30 29 28 27 26 40 39 38 37 36 35 34 48 47 46 45 44 43 42 56 55 54 53 52 51 50 128 63 62 61 60 59 58 128 128 128 128 128 128 128 128 128 128 128 128 128 128
33 32 31 30 29 28 27 41 40 39 38 37 36 35 49 48 47 46 45 44 43 57 56 55 54 53 52 51 128 128 63 62 61 60 59 128 128 128 128 128 128 128 128 128 128 128 128 128 128
34 33 32 31 30 29 28 42 41 40 39 38 37 36 50 49 48 47 46 45 44 58 57 56 55 54 53 52 128 128 128 63 62 61 60 128 128 128 128 128 128 128 128 128 128 128 128 128 128
35 34 33 32 31 30 29 43 42 41 40 39 38 37 51 50 49 48 47 46 45 59 58 57 56 55 54 53 128 128 128 128 63 62 61 128 128 128 128 128 128 128 128 128 128 128 128 128 128
36 35 34 33 32 31 30 44 43 42 41 40 39 38 52 51 50 49 48 47 46 60 59 58 57 56 55 54 128 128 128 128 128 63 62 128 128 128 128 128 128 128 128 128 128 128 128 128 128
37 36 35 34 33 32 31 45 44 43 42 41 40 39 53 52 51 50 49 48 47 61 60 59 58 57 56 55 128 128 128 128 128 128 63 128 128 128 128 128 128 128 128 128 128 128 128 128 128
38 37 36 35 34 33 32 46 45 44 43 42 41 40 54 53 52 51 50 49 48 62 61 60 59 58 57 56 128 128 128 128 128 128 128 128 128 128 128 128 128 128 128 128 128 128 128 128 128
39 38 37 36 35 34 33 47 46 45 44 43 42 41 55 54 53 52 51 50 49 63 62 61 60 59 58 57 128 128 128 128 128 128 128 128 128 128 128 128 128 128 128 128 128 128 128 128 128
40 39 38 37 36 35 34 48 47 46 45 44 43 42 56 55 54 53 52 51 50 128 63 62 61 60 59 58 128 128 128 128 128 128 128 128 128 128 128 128 128 128 128 128 128 128 128 128 128
41 40 39 38 37 36 35 49 48 47 46 45 44 43 57 56 55 54 53 52 51 128 128 63 62 61 60 59 128 128 128 128 128 128 128 128 128 128 128 128 128 128 128 128 128 128 128 128 128
42 41 40 39 38 37 36 50 49 48 47 46 45 44 58 57 56 55 54 53 52 128 128 128 63 62 61 60 128 128 128 128 128 128 128 128 128 128 128 128 128 128 128 128 128 128 128 128 128
43 42 41 40 39 38 37 51 50 49 48 47 46 45 59 58 57 56 55 54 53 128 128 128 128 63 62 61 128 128 128 128 128 128 128 128 128 128 128 128 128 128 128 128 128 128 128 128 128
44 43 42 41 40 39 38 52 51 50 49 48 47 46 60 59 58 57 56 55 54 128 128 128 128 128 63 62 128 128 128 128 128 128 128 128 128 128 128 128 128 128 128 128 128 128 128 128 128
45 44 43 42 41 40 39 53 52 51 50 49 48 47 61 60 59 58 57 56 55 128 128 128 128 128 128 63 128 128 128 128 128 128 128 128 128 128 128 128 128 128 128 128 128 128 128 128 128
46 45 44 43 42 41 40 54 53 52 51 50 49 48 62 61 60 59 58 57 56 128 128 128 128 128 128 128 128 128 128 128 128 128 128 128 128 128 128 128 128 128 128 128 128 128 128 128 128
47 46 45 44 43 42 41 55 54 53 52 51 50 49 63 62 61 60 59 58 57 128 128 128 128 128 128 128 128 128 128 128 128 128 128 128 128 128 128 128 128 128 128 128 128 128 128 128 128
48 47 46 45 44 43 42 56 55 54 53 52 51 50 128 63 62 61 60 59 58 128 128 128 128 128 128 128 128 128 128 128 128 128 128 128 128 128 128 128 128 128 128 128 128 128 128 128 128
49 48 47 46 45 44 43 57 56 55 54 53 52 51 128 128 63 62 61 60 59 128 128 128 128 128 128 128 128 128 128 128 128 128 128 128 128 128 128 128 128 128 128 128 128 128 128 128 128
50 49 48 47 46 45 44 58 57 56 55 54 53 52 128 128 128 63 62 61 60 128 128 128 128 128 128 128 128 128 128 128 128 128 128 128 128 128 128 128 128 128 128 128 128 128 128 128 128
51 50 49 48 47 46 45 59 58 57 56 55 54 53 128 128 128 128 63 62 61 128 128 128 128 128 128 128 128 128 128 128 128 128 128 128 128 128 128 128 128 128 128 128 128 128 128 128 128
52 51 50 49 48 47 46 60 59 58 57 56 55 54 128 128 128 128 128 63 62 128 128 128 128 128 128 128 128 128 128 128 128 128 128 128 128 128 128 128 128 128 128 128 128 128 128 128 128
53 52 51 50 49 48 47 61 60 59 58 57 56 55 128 128 128 128 128 128 63 128 128 128 128 128 128 128 128 128 128 128 128 128 128 128 128 128 128 128 128 128 128 128 128 128 128 128 128
54 53 52 51 50 49 48 62 61 60 59 58 57 56 128 128 128 128 128 128 128 128 128 128 128 128 128 128 128 128 128 128 128 128 128 128 128 128 128 128 128 128 128 128 128 128 128 128 128
55 54 53 52 51 50 49 63 62 61 60 59 58 57 128 128 128 128 128 128 128 128 128 128 128 128 128 128 128 128 128 128 128 128 128 128 128 128 128 128 128 128 128 128 128 128 128 128 128
56 55 54 53 52 51 50 128 63 62 61 60 59 58 128 128 128 128 128 128 128 128 128 128 128 128 128 128 128 128 128 128 128 128 128 128 128 128 128 128 128 128 128 128 128 128 128 128 128
57 56 55 54 53 52 51 128 128 63 62 61 60 59 128 128 128 128 128 128 128 128 128 128 128 128 128 128 128 128 128 128 128 128 128 128 128 128 128 128 128 128 128 128 128 128 128 128 128
58 57 56 55 54 53 52 128 128 128 63 62 61 60 128 128 128 128 128 128 128 128 128 128 128 128 128 128 128 128 128 128 128 128 128 128 128 128 128 128 128 128 128 128 128 128 128 128 128
59 58 57 56 55 54 53 128 128 128 128 63 62 61 128 128 128 128 128 128 128 128 128 128 128 128 128 128 128 128 128 128 128 128 128 128 128 128 128 128 128 128 128 128 128 128 128 128 128
60 59 58 57 56 55 54 128 128 128 128 128 63 62 128 128 128 128 128 128 128 128 128 128 128 128 128 128 128 128 128 128 128 128 128 128 128 128 128 128 128 128 128 128 128 128 128 128 128
61 60 59 58 57 56 55 128 128 128 128 128 128 63 128 128 128 128 128 128 128 128 128 128 128 128 128 128 128 128 128 128 128 128 128 128 128 128 128 128 128 128 128 128 128 128 128 128 128
62 61 60 59 58 57 56 128 128 128 128 128 128 128 128 128 128 128 128 128 128 128 128 128 128 128 128 128 128 128 128 128 128 128 128 128 128 128 128 128 128 128 128 128 128 128 128 128 128
63 62 61 60 59 58 57 128 128 128 128 128 128 128 128 128 128 128 128 128 128 128 128 128 128 128 128 128 128 128 128 128 128 128 128 128 128 128 128 128 128 128 128 128 128 128 128 128 128
128 63 62 61 60 59 58 128 128 128 128 128 128 128 128 128 128 128 128 128 128 128 128 128 128 128 128 128 128 128 128 128 128 128 128 128 128 128 128 128 128 128 128 128 128 128 128 128 128
128 128 63 62 61 60 59 128 128 128 128 128 128 128 128 128 128 128 128 128 128 128 128 128 128 128 128 128 128 128 128 128 128 128 128 128 128 128 128 128 128 128 128 128 128 128 128 128 128
128 128 128 63 62 61 60 128 128 128 128 128 128 128 128 128 128 128 128 128 128 128 128 128 128 128 128 128 128 128 128 128 128 128 128 128 128 128 128 128 128 128 128 128 128 128 128 128 128
128 128 128 128 63 62 61 128 128 128 128 128 128 128 128 128 128 128 128 128 128 128 128 128 128 128 128 128 128 128 128 128 128 128 128 128 128 128 128 128 128 128 128 128 128 128 128 128 128
128 128 128 128 128 63 62 128 128 128 128 128 128 128 128 128 128 128 128 128 128 128 128 128 128 128 128 128 128 128 128 128 128 128 128 128 128 128 128 128 128 128 128 128 128 128 128 128 128
128 128 128 128 128 128 63 128 128 128 128 128 128 128 128 128 128 128 128 128 128 128 128 128 128 128 128 128 128 128 128 128 128 128 128 128 128 128 128 128 128 128 128 128 128 128 128 128 128
128 128 128 128 128 128 128 128 128 128 128 128 128 128 128 128 128 128 128 128 128 128 128 128 128 128 128 128 128 128 128 128 128 128 128 128 128 128 128 128 128 128 128 128 128 128 128 128 128
128 128 128 128 128 128 128 128 128 128 128 128 128 128 128 128 128 128 128 128 128 128 128 128 128 128 128 128 128 128 128 128 128 128 128 128 128 128 128 128 128 128 128 128 128 128 128 128 128
128 128 128 128 128 128 128 128 128 128 128 128 128 128 128 128 128 128 128 128 128 128 128 128 128 128 128 128 128 128 128 128 128 128 128 128 128 128 128 128 128 128 128 128 128 128 128 128 128
128 128 128 128 128 128 128 128 128 128 128 128 128 128 128 128 128 128 128 128 128 128 128 128 128 128 128 128 128 128 128 128 128 128 128 128 128 128 128 128 128 128 128 128 128 128 128 128 128
128 128 128 128 128 128 128 128 128 128 128 128 128 128 128 128 128 128 128 128 128 128 128 128 128 128 128 128 128 128 128 128 128 128 128 128 128 128 128 128 128 128 128 128 128 128 128 128 128
128 128 128 128 128 128 128 128 128 128 128 128 128 128 128 128 128 128 128 128 128 128 128 128 128 128 128 128 128 128 128 128 128 128 128 128 128 128 128 128 128 128 128 128 128 128 128 128 128
128 128 128 128 128 128 128 128 128 128 128 128 128 128 128 128 128 128 128 128 128 128 128 128 128 128 128 128 128 128 128 128 128 128 128 128 128 128 128 128 128 128 128 128 128 128 128 128 128
128 128 128 128 128 128 128 128 128 128 128 128 128 128 128 128 128 128 128 128 128 128 128 128 128 128 128 128 128 128 128 128 128 128 128 128 128 128 128 128 128 128 128 128 128 128 128 128 128
128 128 128 128 128 128 128 128 128 128 128 128 128 128 128 128 128 128 128 128 128 128 128 128 128 128 128 128 128 128 128 128 128 128 128 128 128 128 128 128 128 128 128 128 128 128 128 128 128
128 128 128 128 128 128 128 128 128 128 128 128 128 128 128 128 128 128 128 128 128 128 128 128 128 128 128 128 128 128 128 128 128 128 128 128 128 128 128 128 128 128 128 128 128 128 128 128 128
128 128 128 128 128 128 128 128 128 128 128 128 128 128 128 128 128 128 128 128 128 128 128 128 128 128 128 128 128 128 128 128 128 128 128 128 128 128 128 128 128 128 170 128 128 128 128 128 128
128 128 128 128 128 128 128 128 128 128 128 128 128 128 128 128 128 128 128 128 128 128 128 128 128 128 128 128 128 128 128 128 128 128 128 128 128 128 128 128 128 128 85 170 128 128 128 128 128
128 128 128 128 128 128 128 128 128 128 128 128 128 128 128 128 128 128 128 128 128 128 128 128 128 128 128 128 128 128 128 128 128 128 128 128 128 128 128 128 128 128 170 85 170 128 128 128 128
128 128 128 128 128 128 128 128 128 128 128 128 128 128 128 128 128 128 128 128 128 128 128 128 128 128 128 128 128 128 128 128 128 128 128 128 128 128 128 128 128 128 85 170 85 170 128 128 128
128 128 128 128 128 128 128 128 128 128 128 128 128 128 128 128 128 128 128 128 128 128 128 128 128 128 128 128 128 128 128 128 128 128 128 128 128 128 128 128 128 128 170 85 170 85 170 128 128
128 128 128 128 128 128 128 128 128 128 128 128 128 128 128 128 128 128 128 128 128 128 128 128 128 128 128 128 128 128 128 128 128 128 128 128 128 128 128 128 128 128 85 170 85 170 85 170 128
128 128 128 128 128 128 128 128 128 128 128 128 128 128 128 128 128 128 128 128 128 128 128 128 128 128 128 128 128 128 128 128 128 128 128 128 128 128 128 128 128 128 170 85 170 85 170 85 170
128 128 128 128 128 128 128 128 128 128 128 128 128 128 128 128 128 128 128 128 128 128 128 128 128 128 128 128 128 128 128 128 128 128 128 128 128 128 128 128 128 128 85 170 85 170 85 170 85
128 128 128 128 128 128 128 128 128 128 128 128 128 128 128 128 128 128 128 128 128 128 128 128 128 128 128 128 128 128 128 128 128 128 128 170 128 128 128 128 128 128 85 85 170 85 170 85 170
128 128 128 128 128 128 128 128 128 128 128 128 128 128 128 128 128 128 128 128 128 128 128 128 128 128 128 128 128 128 128 128 128 128 128 85 170 128 128 128 128 128 170 85 85 170 85 170 85
128 128 128 128 128 128 128 128 128 128 128 128 128 128 128 128 128 128 128 128 128 128 128 128 128 128 128 128 128 128 128 128 128 128 128 170 85 170 128 128 128 128 85 170 85 85 170 85 170
128 128 128 128 128 128 128 128 128 128 128 128 128 128 128 128 128 128 128 128 128 128 128 128 128 128 128 128 128 128 128 128 128 128 128 85 170 85 170 128 128 128 170 85 170 85 85 170 85
128 128 128 128 128 128 128 128 128 128 128 128 128 128 128 128 128 128 128 128 128 128 128 128 128 128 128 128 128 128 128 128 128 128 128 170 85 170 85 170 128 128 85 170 85 170 85 85 170
128 128 128 128 128 128 128 128 128 128 128 128 128 128 128 128 128 128 128 128 128 128 128 128 128 128 128 128 128 128 128 128 128 128 128 85 170 85 170 85 170 128 170 85 170 85 170 85 85
128 128 128 128 128 128 128 128 128 128 128 128 128 128 128 128 128 128 128 128 128 128 128 128 128 128 128 128 128 128 128 128 128 128 128 170 85 170 85 170 85 170 85 170 85 170 85 170 85
128 128 128 128 128 128 128 128 128 128 128 128 128 128 128 128 128 128 128 128 128 128 128 128 128 128 128 128 128 128 128 128 128 128 128 85 170 85 170 85 170 85 170 85 170 85 170 85 170
128 128 128 128 128 128 128 128 128 128 128 128 128 128 128 128 128 128 128 128 128 128 128 128 128 128 128 128 170 128 128 128 128 128 128 85 85 170 85 170 85 170 170 170 85 170 85 170 85
128 128 128 128 128 128 128 128 128 128 128 128 128 128 128 128 128 128 128 128 128 128 128 128 128 128 128 128 85 170 128 128 128 128 128 170 85 85 170 85 170 85 85 170 170 85 170 85 170
128 128 128 128 128 128 128 128 128 128 128 128 128 128 128 128 128 128 128 128 128 128 128 128 128 128 128 128 170 85 170 128 128 128 128 85 170 85 85 170 85 170 170 85 170 170 85 170 85
128 128 128 128 128 128 128 128 128 128 128 128 128 128 128 128 128 128 128 128 128 128 128 128 128 128 128 128 85 170 85 170 128 128 128 170 85 170 85 85 170 85 85 170 85 170 170 85 170
128 128 128 128 128 128 128 128 128 128 128 128 128 128 128 128 128 128 128 128 128 128 128 128 128 128 128 128 170 85 170 85 170 128 128 85 170 85 170 85 85 170 170 85 170 85 170 170 85
128 128 128 128 128 128 128 128 128 128 128 128 128 128 128 128 128 128 128 128 128 128 128 128 128 128 128 128 85 170 85 170 85 170 128 170 85 170 85 170 85 85 85 170 85 170 85 170 170
128 128 128 128 128 128 128 128 128 128 128 128 128 128 128 128 128 128 128 128 128 128 128 128 128 128 128 128 170 85 170 85 170 85 170 85 170 85 170 85 170 85 170 85 170 85 170 85 170
128 128 128 128 128 128 128 128 128 128 128 128 128 128 128 128 128 128 128 128 128 128 128 128 128 128 128 128 85 170 85 170 85 170 85 170 85 170 85 170 85 170 85 170 85 170 85 170 85
128 128 128 128 128 128 128 128 128 128 128 128 128 128 128 128 128 128 128 128 128 170 128 128 128 128 128 128 85 85 170 85 170 85 170 170 170 85 170 85 170 85 85 85 170 85 170 85 170
128 128 128 128 128 128 128 128 128 128 128 128 128 128 128 128 128 128 128 128 128 85 170 128 128 128 128 128 170 85 85 170 85 170 85 85 170 170 85 170 85 170 170 85 85 170 85 170 85
128 128 128 128 128 128 128 128 128 128 128 128 128 128 128 128 128 128 128 128 128 170 85 170 128 128 128 128 85 170 85 85 170 85 170 170 85 170 170 85 170 85 85 170 85 85 170 85 170
128 128 128 128 128 128 128 128 128 128 128 128 128 128 128 128 128 128 128 128 128 85 170 85 170 128 128 128 170 85 170 85 85 170 85 85 170 85 170 170 85 170 170 85 170 85 85 170 85
128 128 128 128 128 128 128 128 128 128 128 128 128 128 128 128 128 128 128 128 128 170 85 170 85 170 128 128 85 170 85 170 85 85 170 170 85 170 85 170 170 85 85 170 85 170 85 85 170
128 128 128 128 128 128 128 128 128 128 128 128 128 128 128 128 128 128 128 128 128 85 170 85 170 85 170 128 170 85 170 85 170 85 85 85 170 85 170 85 170 170 170 85 170 85 170 85 85
128 128 128 128 128 128 128 128 128 128 128 128 128 128 128 128 128 128 128 128 128 170 85 170 85 170 85 170 85 170 85 170 85 170 85 170 85 170 85 170 85 170 85 170 85 170 85 170 85
128 128 128 128 128 128 128 128 128 128 128 128 128 128 128 128 128 128 128 128 128 85 170 85 170 85 170 85 170 85 170 85 170 85 170 85 170 85 170 85 170 85 170 85 170 85 170 85 170
128 128 128 128 128 128 128 128 128 128 128 128 128 128 170 128 128 128 128 128 128 85 85 170 85 170 85 170 170 170 85 170 85 170 85 85 85 170 85 170 85 170 170 170 85 170 85 170 85
128 128 128 128 128 128 128 128 128 128 128 128 128 128 85 170 128 128 128 128 128 170 85 85 170 85 170 85 85 170 170 85 170 85 170 170 85 85 170 85 170 85 85 170 170 85 170 85 170
128 128 128 128 128 128 128 128 128 128 128 128 128 128 170 85 170 128 128 128 128 85 170 85 85 170 85 170 170 85 170 170 85 170 85 85 170 85 85 170 85 170 170 85 170 170 85 170 85
128 128 128 128 128 128 128 128 128 128 128 128 128 128 85 170 85 170 128 128 128 170 85 170 85 85 170 85 85 170 85 170 170 85 170 170 85 170 85 85 170 85 85 170 85 170 170 85 170
128 128 128 128 128 128 128 128 128 128 128 128 128 128 170 85 170 85 170 128 128 85 170 85 170 85 85 170 170 85 170 85 170 170 85 85 170 85 170 85 85 170 170 85 170 85 170 170 85
128 128 128 128 128 128 128 128 128 128 128 128 128 128 85 170 85 170 85 170 128 170 85 170 85 170 85 85 85 170 85 170 85 170 170 170 85 170 85 170 85 85 85 170 85 170 85 170 170
128 128 128 128 128 128 128 128 128 128 128 128 128 128 170 85 170 85 170 85 170 85 170 85 170 85 170 85 170 85 170 85 170 85 170 85 170 85 170 85 170 85 170 85 170 85 170 85 170
128 128 128 128 128 128 128 128 128 128 128 128 128 128 85 170 85 170 85 170 85 170 85 170 85 170 85 170 85 170 85 170 85 170 85 170 85 170 85 170 85 170 85 170 85 170 85 170 85
128 128 128 128 128 128 128 170 128 128 128 128 128 128 85 85 170 85 170 85 170 170 170 85 170 85 170 85 85 85 170 85 170 85 170 170 170 85 170 85 170 85 85 85 170 85 170 85 170
128 128 128 128 128 128 128 85 170 128 128 128 128 128 170 85 85 170 85 170 85 85 170 170 85 170 85 170 170 85 85 170 85 170 85 85 170 170 85 170 85 170 170 85 85 170 85 170 85
128 128 128 128 128 128 128 170 85 170 128 128 128 128 85 170 85 85 170 85 170 170 85 170 170 85 170 85 85 170 85 85 170 85 170 170 85 170 170 85 170 85 85 170 85 85 170 85 170
128 128 128 128 128 128 128 85 170 85 170 128 128 128 170 85 170 85 85 170 85 85 170 85 170 170 85 170 170 85 170 85 85 170 85 85 170 85 170 170 85 170 170 85 170 85 85 170 85
128 128 128 128 128 128 128 170 85 170 85 170 128 128 85 170 85 170 85 85 170 170 85 170 85 170 170 85 85 170 85 170 85 85 170 170 85 170 85 170 170 85 85 170 85 170 85 85 170
128 128 128 128 128 128 128 85 170 85 170 85 170 128 170 85 170 85 170 85 85 85 170 85 170 85 170 170 170 85 170 85 170 85 85 85 170 85 170 85 170 170 170 85 170 85 170 85 85
128 128 128 128 128 128 128 170 85 170 85 170 85 170 85 170 85 170 85 170 85 170 85 170 85 170 85 170 85 170 85 170 85 170 85 170 85 170 85 170 85 170 85 170 85 170 85 170 85
128 128 128 128 128 128 128 85 170 85 170 85 170 85 170 85 170 85 170 85 170 85 170 85 170 85 170 85 170 85 170 85 170 85 170 85 170 85 170 85 170 85 170 85 170 85 170 85 170
170 128 128 128 128 128 128 85 85 170 85 170 85 170 170 170 85 170 85 170 85 85 85 170 85 170 85 170 170 170 85 170 85 170 85 85 85 170 85 170 85 170 170 170 85 170 85 170 85
85 170 128 128 128 128 128 170 85 85 170 85 170 85 85 170 170 85 170 85 170 170 85 85 170 85 170 85 85 170 170 85 170 85 170 170 85 85 170 85 170 85 85 170 170 85 170 85 170
170 85 170 128 128 128 128 85 170 85 85 170 85 170 170 85 170 170 85 170 85 85 170 85 85 170 85 170 170 85 170 170 85 170 85 85 170 85 85 170 85 170 170 85 170 170 85 170 85
85 170 85 170 128 128 128 170 85 170 85 85 170 85 85 170 85 170 170 85 170 170 85 170 85 85 170 85 85 170 85 170 170 85 170 170 85 170 85 85 170 85 85 170 85 170 170 85 170
170 85 170 85 170 128 128 85 170 85 170 85 85 170 170 85 170 85 170 170 85 85 170 85 170 85 85 170 170 85 170 85 170 170 85 85 170 85 170 85 85 170 170 85 170 85 170 170 85
85 170 85 170 85 170 128 170 85 170 85 170 85 85 85 170 85 170 85 170 170 170 85 170 85 170 85 85 85 170 85 170 85 170 170 170 85 170 85 170 85 85 85 170 85 170 85 170 170
170 85 170 85 170 85 170 85 170 85 170 85 170 85 170 85 170 85 170 85 170 85 170 85 170 85 170 85 170 85 170 85 170 85 170 85 170 85 170 85 170 85 170 85 170 85 170 85 170
85 170 85 170 85 170 85 170 85 170 85 170 85 170 85 170 85 170 85 170 85 170 85 170 85 170 85 170 85 170 85 170 85 170 85 170 85 170 85 170 85 170 85 170 85 170 85 170 85
85 85 170 85 170 85 170 170 170 85 170 85 170 85 85 85 170 85 170 85 170 170 170 85 170 85 170 85 85 85 170 85 170 85 170 170 170 85 170 85 170 85 85 85 170 85 170 85 170
170 85 85 170 85 170 85 85 170 170 85 170 85 170 170 85 85 170 85 170 85 85 170 170 85 170 85 170 170 85 85 170 85 170 85 85 170 170 85 170 85 170 170 85 85 170 85 170 85
85 170 85 85 170 85 170 170 85 170 170 85 170 85 85 170 85 85 170 85 170 170 85 170 170 85 170 85 85 170 85 85 170 85 170 170 85 170 170 85 170 85 85 170 85 85 170 85 170
170 85 170 85 85 170 85 85 170 85 170 170 85 170 170 85 170 85 85 170 85 85 170 85 170 170 85 170 170 85 170 85 85 170 85 85 170 85 170 170 85 170 170 85 170 85 85 170 85
85 170 85 170 85 85 170 170 85 170 85 170 170 85 85 170 85 170 85 85 170 170 85 170 85 170 170 85 85 170 85 170 85 85 170 170 85 170 85 170 170 85 85 170 85 170 85 85 170
170 85 170 85 170 85 85 85 170 85 170 85 170 170 170 85 170 85 170 85 85 85 170 85 170 85 170 170 170 85 170 85 170 85 85 85 170 85 170 85 170 170 170 85 170 85 170 85 85
85 170 85 170 85 170 85 170 85 170 85 170 85 170 85 170 85 170 85 170 85 170 85 170 85 170 85 170 85 170 85 170 85 170 85 170 85 170 85 170 85 170 85 170 85 170 85 170 85
170 85 170 85 170 85 170 85 170 85 170 85 170 85 170 85 170 85 170 85 170 85 170 85 170 85 170 85 170 85 170 85 170 85 170 85 170 85 170 85 170 85 170 85 170 85 170 85 170
